CURRENTDAY	Irradiation	Tmin	Tmax	VapourPressure	WindSpeed	Precipitation
01.01.1987	9800	-1.2	14	1.014	1.4	0
02.01.1987	10400	-1.4	15	1.014	1.4	0
03.01.1987	10900	-0.4	16.2	1.014	1.4	0
04.01.1987	10900	2	14.6	1.014	1.4	0
05.01.1987	11000	-0.2	15	1.014	1.4	0
06.01.1987	10100	-3.2	15.4	1.014	1.4	0
07.01.1987	5800	-2.6	11.6	1.014	1.4	0
08.01.1987	7400	2.4	14.6	1.014	1.4	0.2
09.01.1987	3800	9.6	12.8	1.014	1.4	11.5
10.01.1987	10200	7	14.8	1.014	1.4	3.1
11.01.1987	10800	1.6	13	1.014	1.4	0
12.01.1987	3900	3.6	12.4	1.014	1.4	44.2
13.01.1987	3900	6.4	13.6	1.014	1.4	19
14.01.1987	11500	0	8	1.014	1.4	0
15.01.1987	5300	1	5.8	1.014	1.4	2.2
16.01.1987	9500	-3.6	9	1.014	1.4	0
17.01.1987	10400	-1.8	10	1.014	1.4	0
18.01.1987	11000	-2	12.4	1.014	1.4	0
19.01.1987	11200	-1	14.6	1.014	1.4	0
20.01.1987	10700	-2	13	1.014	1.4	0
21.01.1987	11900	1.6	14.4	1.014	1.4	0
22.01.1987	11100	3	15.4	1.014	1.4	0
23.01.1987	6500	6.6	16.4	1.014	1.4	0
24.01.1987	9000	8	18.4	1.014	1.4	0
25.01.1987	5100	7	16	1.014	1.4	0.1
26.01.1987	4400	10	15.2	1.014	1.4	5.5
27.01.1987	8100	12	18.8	1.014	1.4	1.1
28.01.1987	5500	11.4	17	1.014	1.4	7.6
29.01.1987	5500	9.8	15.2	1.014	1.4	27.8
30.01.1987	6300	8	14.6	1.014	1.4	2.3
31.01.1987	7700	9.8	15.8	1.014	1.4	2.3
01.02.1987	4900	10	16.6	1.076	1.7	0
02.02.1987	4700	11.2	13.8	1.076	1.7	21.2
03.02.1987	7500	7.8	17.2	1.076	1.7	13
04.02.1987	9400	3.8	15.4	1.076	1.7	0
05.02.1987	13900	4.6	17	1.076	1.7	0
06.02.1987	13800	3.4	18	1.076	1.7	0
07.02.1987	14100	3.4	19.6	1.076	1.7	0
08.02.1987	14200	5	22.4	1.076	1.7	0
09.02.1987	8900	3.6	15.4	1.076	1.7	0.4
10.02.1987	5100	6.6	10	1.076	1.7	8.2
11.02.1987	8100	8.6	15.4	1.076	1.7	15.1
12.02.1987	10200	7	13.6	1.076	1.7	0
13.02.1987	6300	8	16.4	1.076	1.7	2.1
14.02.1987	14400	6.8	17.4	1.076	1.7	0
15.02.1987	14200	4.8	18.4	1.076	1.7	0
16.02.1987	7700	6.6	14.4	1.076	1.7	0
17.02.1987	13500	11.4	19.6	1.076	1.7	0.3
18.02.1987	9900	4.6	14	1.076	1.7	7.7
19.02.1987	15300	0	11.8	1.076	1.7	0
20.02.1987	13400	0	11.6	1.076	1.7	0
21.02.1987	5700	3.4	6	1.076	1.7	12.8
22.02.1987	16900	0.2	13.6	1.076	1.7	0
23.02.1987	5800	2.4	8.4	1.076	1.7	6.6
24.02.1987	6200	8.4	14.4	1.076	1.7	1.6
25.02.1987	15200	7.8	18.8	1.076	1.7	3.1
26.02.1987	14600	4.8	19.6	1.076	1.7	0
27.02.1987	16900	5.6	23.6	1.076	1.7	0
28.02.1987	17800	8	26.4	1.076	1.7	0
01.03.1987	17400	8.4	27.8	1.267	2	0
02.03.1987	16800	6	26.4	1.267	2	0
03.03.1987	16700	7	26	1.267	2	0
04.03.1987	16500	7.6	26	1.267	2	0
05.03.1987	16800	7.4	26	1.267	2	0
06.03.1987	16900	9	25	1.267	2	0
07.03.1987	16400	8.2	22.8	1.267	2	0
08.03.1987	11500	10	22.4	1.267	2	0
09.03.1987	12900	13	20	1.267	2	0
10.03.1987	13300	11.2	22.6	1.267	2	0
11.03.1987	17100	8.4	23.6	1.267	2	0
12.03.1987	13500	7.6	19.8	1.267	2	0
13.03.1987	12000	10.6	19	1.267	2	0
14.03.1987	16700	6.4	21.4	1.267	2	0
15.03.1987	15800	5.8	20.4	1.267	2	0
16.03.1987	17800	7	19.6	1.267	2	0
17.03.1987	19100	4.2	20.2	1.267	2	0
18.03.1987	18000	4.2	20.4	1.267	2	0
19.03.1987	14900	7.2	20.2	1.267	2	0
20.03.1987	18300	8.6	19.6	1.267	2	0
21.03.1987	17900	2.4	19	1.267	2	0
22.03.1987	19300	3.8	20	1.267	2	0
23.03.1987	18700	3	21.2	1.267	2	0
24.03.1987	12500	5.8	20	1.267	2	0
25.03.1987	8000	10	15	1.267	2	11.7
26.03.1987	16400	13.4	21.4	1.267	2	0
27.03.1987	14300	10.4	22.6	1.267	2	0
28.03.1987	14700	11.6	20.4	1.267	2	0
29.03.1987	20600	6.4	18	1.267	2	0
30.03.1987	21600	4.8	18.4	1.267	2	0
31.03.1987	19300	3.8	21	1.267	2	0
01.04.1987	21100	2.4	22.8	1.406	1.7	0
02.04.1987	14200	8.2	16.6	1.406	1.7	0.1
03.04.1987	8300	6.4	12	1.406	1.7	29.1
04.04.1987	9200	5.2	14	1.406	1.7	9.9
05.04.1987	9200	11.8	17	1.406	1.7	13.5
06.04.1987	14000	14	21.6	1.406	1.7	5.7
07.04.1987	15800	13	22.6	1.406	1.7	0
08.04.1987	15100	14.8	22	1.406	1.7	6.4
09.04.1987	22300	13.4	20	1.406	1.7	0
10.04.1987	19400	6.6	19.4	1.406	1.7	0
11.04.1987	20000	6.6	21	1.406	1.7	0
12.04.1987	23200	8	24	1.406	1.7	0
13.04.1987	24000	8.6	26.2	1.406	1.7	0
14.04.1987	24800	8.6	26.6	1.406	1.7	0
15.04.1987	22200	9.4	26	1.406	1.7	0
16.04.1987	23200	10	24.2	1.406	1.7	0
17.04.1987	25300	8	25.6	1.406	1.7	0
18.04.1987	25600	9.6	26.2	1.406	1.7	0
19.04.1987	22900	9.4	27.6	1.406	1.7	0
20.04.1987	24700	9.8	29.4	1.406	1.7	0
21.04.1987	10200	12.4	26	1.406	1.7	0.3
22.04.1987	22900	14.6	28.4	1.406	1.7	0
23.04.1987	11200	13	25.8	1.406	1.7	0
24.04.1987	23500	11	22	1.406	1.7	0
25.04.1987	26000	7.4	25.4	1.406	1.7	0
26.04.1987	21800	9.4	30.6	1.406	1.7	0
27.04.1987	24400	11.4	27	1.406	1.7	0
28.04.1987	24100	12.8	24.6	1.406	1.7	0
29.04.1987	25900	11.8	26	1.406	1.7	0
30.04.1987	20500	9.2	27.6	1.406	1.7	0
01.05.1987	27200	13.4	29	1.566	1.7	0
02.05.1987	27100	11.4	29.4	1.566	1.7	0
03.05.1987	22600	14	30.4	1.566	1.7	0
04.05.1987	28400	15	27.4	1.566	1.7	0
05.05.1987	27500	8.6	24.6	1.566	1.7	0
06.05.1987	28600	7.4	27	1.566	1.7	0
07.05.1987	29500	8.2	30	1.566	1.7	0
08.05.1987	28100	8.6	29	1.566	1.7	0
09.05.1987	26600	10.4	29.8	1.566	1.7	0
10.05.1987	24600	13.2	27.6	1.566	1.7	0
11.05.1987	26300	14.2	27.4	1.566	1.7	0
12.05.1987	28500	11.2	29.2	1.566	1.7	0
13.05.1987	29000	9.6	27	1.566	1.7	0
14.05.1987	28600	12.6	25	1.566	1.7	0
15.05.1987	27800	9.4	25.6	1.566	1.7	0
16.05.1987	15300	12.6	22.6	1.566	1.7	1.7
17.05.1987	15600	11.6	20.6	1.566	1.7	0
18.05.1987	21400	12.6	24	1.566	1.7	0
19.05.1987	28300	11.6	27.8	1.566	1.7	0
20.05.1987	28500	10.6	30.2	1.566	1.7	0
21.05.1987	28000	13.8	31	1.566	1.7	0
22.05.1987	20700	9.6	24.6	1.566	1.7	0
23.05.1987	20400	14.2	24.8	1.566	1.7	3
24.05.1987	23500	12.8	25	1.566	1.7	0
25.05.1987	18100	9.6	27.4	1.566	1.7	0
26.05.1987	27300	12.4	27.4	1.566	1.7	0
27.05.1987	22800	11.8	28	1.566	1.7	0
28.05.1987	28700	11	30.8	1.566	1.7	0
29.05.1987	29500	11	31	1.566	1.7	0
30.05.1987	26500	11.8	35.2	1.566	1.7	0
31.05.1987	27300	13	33.4	1.566	1.7	0
01.06.1987	30100	13	34.4	1.886	1.7	0
02.06.1987	30200	14	34	1.886	1.7	0
03.06.1987	30500	14.8	34	1.886	1.7	0
04.06.1987	31000	17	33.2	1.886	1.7	0
05.06.1987	30900	15	34.6	1.886	1.7	0
06.06.1987	30400	16	35	1.886	1.7	0
07.06.1987	28200	15.4	34.6	1.886	1.7	0
08.06.1987	30500	14.8	27	1.886	1.7	0
09.06.1987	30800	10.6	26.2	1.886	1.7	0
10.06.1987	30900	12	27	1.886	1.7	0
11.06.1987	30200	12	29.4	1.886	1.7	0
12.06.1987	29500	13.4	30	1.886	1.7	0
13.06.1987	25700	17.4	27.6	1.886	1.7	0
14.06.1987	27500	17.2	25.4	1.886	1.7	0.3
15.06.1987	30600	10.6	26.2	1.886	1.7	0
16.06.1987	31000	10.8	31.6	1.886	1.7	0
17.06.1987	31000	11.8	32.8	1.886	1.7	0
18.06.1987	30100	14.6	32	1.886	1.7	0
19.06.1987	26000	13.4	32.6	1.886	1.7	0
20.06.1987	31300	18	34	1.886	1.7	0
21.06.1987	29700	17	37.6	1.886	1.7	0
22.06.1987	25300	18.4	35.4	1.886	1.7	0
23.06.1987	30100	17.8	36	1.886	1.7	0
24.06.1987	30700	17	36	1.886	1.7	0
25.06.1987	23200	19	35.4	1.886	1.7	0
26.06.1987	28000	20	36.6	1.886	1.7	0
27.06.1987	29800	19.4	39.2	1.886	1.7	0
28.06.1987	29300	20	38.4	1.886	1.7	0
29.06.1987	21600	21	34.4	1.886	1.7	0
30.06.1987	22000	20	34	1.886	1.7	0
01.07.1987	30000	18.4	36.2	2.079	1.7	0
02.07.1987	30000	18.6	38.2	2.079	1.7	0
03.07.1987	28400	20	39.4	2.079	1.7	0
04.07.1987	27200	21.6	36	2.079	1.7	0.2
05.07.1987	22300	20.6	32	2.079	1.7	1.4
06.07.1987	25900	20	33.4	2.079	1.7	0
07.07.1987	29200	19.6	36.6	2.079	1.7	0
08.07.1987	29000	20	39	2.079	1.7	0
09.07.1987	16300	21.8	33.8	2.079	1.7	0
10.07.1987	26600	21.4	35.6	2.079	1.7	7.7
11.07.1987	26300	20.8	35.6	2.079	1.7	14.6
12.07.1987	26300	21	34	2.079	1.7	17.4
13.07.1987	26400	18.6	33	2.079	1.7	1.4
14.07.1987	24400	20.6	33.6	2.079	1.7	2.1
15.07.1987	29600	18.4	33.4	2.079	1.7	0
16.07.1987	24600	17.6	31.4	2.079	1.7	0
17.07.1987	30000	19.6	32.6	2.079	1.7	0
18.07.1987	29800	20	32	2.079	1.7	0
19.07.1987	29900	15.6	34	2.079	1.7	0
20.07.1987	29500	16.4	33.8	2.079	1.7	0
21.07.1987	29700	18	32.6	2.079	1.7	0
22.07.1987	29000	16.2	30.4	2.079	1.7	0
23.07.1987	24200	17.6	28.4	2.079	1.7	0
24.07.1987	23500	16.4	28.6	2.079	1.7	0
25.07.1987	22400	16	29.6	2.079	1.7	1
26.07.1987	29300	15	33.6	2.079	1.7	0
27.07.1987	28600	16	37.4	2.079	1.7	0
28.07.1987	28400	19.4	38	2.079	1.7	0
29.07.1987	26800	18.6	34.4	2.079	1.7	0
30.07.1987	24000	20.2	33.4	2.079	1.7	0
31.07.1987	28800	18.6	37	2.079	1.7	0
01.08.1987	28600	18.6	37.6	2.18	1.4	0
02.08.1987	28100	18.4	40	2.18	1.4	0
03.08.1987	15100	20	33.4	2.18	1.4	0
04.08.1987	26800	18.6	37	2.18	1.4	0
05.08.1987	21600	20.4	32.6	2.18	1.4	0
06.08.1987	28500	16.6	31.6	2.18	1.4	0
07.08.1987	27500	18	31.2	2.18	1.4	0
08.08.1987	27500	18.4	33.6	2.18	1.4	0
09.08.1987	14600	18	30.6	2.18	1.4	0
10.08.1987	21500	19.8	36	2.18	1.4	0
11.08.1987	21400	21.8	39	2.18	1.4	0
12.08.1987	22400	22	37	2.18	1.4	0
13.08.1987	20700	21.6	32	2.18	1.4	0
14.08.1987	9700	20	30.4	2.18	1.4	0
15.08.1987	19600	20.6	33.4	2.18	1.4	0
16.08.1987	25700	19.2	34	2.18	1.4	0
17.08.1987	25800	18.2	38	2.18	1.4	0
18.08.1987	25900	19.4	40.2	2.18	1.4	0
19.08.1987	25800	20	39.6	2.18	1.4	0
20.08.1987	26200	21.4	40.8	2.18	1.4	0
21.08.1987	18000	21	40.4	2.18	1.4	0
22.08.1987	25700	20.2	36	2.18	1.4	0
23.08.1987	25800	18	34	2.18	1.4	0
24.08.1987	25600	15.6	31.8	2.18	1.4	0
25.08.1987	25500	15	34	2.18	1.4	0
26.08.1987	21100	16.4	35.4	2.18	1.4	0
27.08.1987	23000	20.4	30.2	2.18	1.4	0
28.08.1987	9800	19.8	33.6	2.18	1.4	2.6
29.08.1987	8900	17.8	21	2.18	1.4	25.4
30.08.1987	15100	17.4	29.6	2.18	1.4	3.3
31.08.1987	22000	20.2	29.2	2.18	1.4	0
01.09.1987	21500	19	30.4	1.984	1.4	0
02.09.1987	22100	18.6	32.4	1.984	1.4	0
03.09.1987	22700	19.4	34	1.984	1.4	0
04.09.1987	21300	19	33.8	1.984	1.4	0
05.09.1987	21500	17.4	35.6	1.984	1.4	0
06.09.1987	22900	17.8	38.2	1.984	1.4	0
07.09.1987	22700	19	37.8	1.984	1.4	0
08.09.1987	22100	19.2	38	1.984	1.4	0
09.09.1987	18600	18	36.4	1.984	1.4	0
10.09.1987	22200	18	36	1.984	1.4	0
11.09.1987	21100	19	37.2	1.984	1.4	0
12.09.1987	20900	19.6	39.2	1.984	1.4	0
13.09.1987	21600	18.8	38.8	1.984	1.4	0
14.09.1987	21100	18.4	39	1.984	1.4	0
15.09.1987	20800	18.4	38.6	1.984	1.4	0
16.09.1987	20700	16.6	37	1.984	1.4	0
17.09.1987	20300	17.8	36.8	1.984	1.4	0
18.09.1987	19900	18	37.4	1.984	1.4	0
19.09.1987	14600	18.4	34.6	1.984	1.4	0
20.09.1987	11800	18.2	29.2	1.984	1.4	1.2
21.09.1987	16700	19.6	29.4	1.984	1.4	0
22.09.1987	17900	17.4	31	1.984	1.4	0
23.09.1987	18300	15.6	31.6	1.984	1.4	0
24.09.1987	15000	19.4	29.6	1.984	1.4	0
25.09.1987	12200	18.6	29	1.984	1.4	6.9
26.09.1987	12900	19.2	25.6	1.984	1.4	0.9
27.09.1987	13700	16	27.6	1.984	1.4	0
28.09.1987	19400	16.2	32	1.984	1.4	0
29.09.1987	19000	16.6	33	1.984	1.4	0
30.09.1987	16100	20	31	1.984	1.4	0
01.10.1987	16500	17	30.6	1.703	1.4	0
02.10.1987	13300	19.2	27.6	1.703	1.4	0.1
03.10.1987	13200	15	24.6	1.703	1.4	0.1
04.10.1987	12500	12.6	25.4	1.703	1.4	2.5
05.10.1987	15400	14	22.4	1.703	1.4	0
06.10.1987	9700	12.4	23.4	1.703	1.4	0
07.10.1987	11300	15	24.8	1.703	1.4	0.5
08.10.1987	12100	17	25.4	1.703	1.4	0
09.10.1987	7800	16.2	22.4	1.703	1.4	10.1
10.10.1987	13500	9	19	1.703	1.4	6.8
11.10.1987	10900	6.4	18.6	1.703	1.4	0
12.10.1987	13500	9.4	23.2	1.703	1.4	0
13.10.1987	16200	7.8	23.4	1.703	1.4	0
14.10.1987	7600	9	21.4	1.703	1.4	0
15.10.1987	6700	14.4	23.2	1.703	1.4	0
16.10.1987	9000	15.4	21.2	1.703	1.4	18.6
17.10.1987	16500	11	22.4	1.703	1.4	0
18.10.1987	10200	11	22.6	1.703	1.4	0
19.10.1987	6700	14.2	22.8	1.703	1.4	0.1
20.10.1987	11200	12.2	20.2	1.703	1.4	1.6
21.10.1987	9000	8.4	20.2	1.703	1.4	0
22.10.1987	6900	13.2	20	1.703	1.4	29.9
23.10.1987	10400	15	21.6	1.703	1.4	0.3
24.10.1987	5400	15.2	16.8	1.703	1.4	34.1
25.10.1987	7600	15.2	24	1.703	1.4	0
26.10.1987	5300	15.6	21	1.703	1.4	1.2
27.10.1987	7400	13.6	19.8	1.703	1.4	1.3
28.10.1987	14300	8.6	17.6	1.703	1.4	0
29.10.1987	14700	6.2	18.8	1.703	1.4	0
30.10.1987	13500	7.2	21.2	1.703	1.4	0
31.10.1987	9500	11	22.8	1.703	1.4	0
01.11.1987	8500	11	22.6	1.253	1.4	0
02.11.1987	5400	12.2	20.6	1.253	1.4	1.8
03.11.1987	4900	14	18	1.253	1.4	7.8
04.11.1987	6700	12.4	20.2	1.253	1.4	0
05.11.1987	11900	14.8	24.2	1.253	1.4	0.6
06.11.1987	4800	14.4	20.6	1.253	1.4	3.9
07.11.1987	4700	13.8	18	1.253	1.4	71.4
08.11.1987	6400	13.2	19.4	1.253	1.4	0
09.11.1987	5300	12.2	17.4	1.253	1.4	0
10.11.1987	12800	8.5	18.4	1.253	1.4	0
11.11.1987	10400	8.8	19.4	1.253	1.4	0
12.11.1987	12400	6.4	20.6	1.253	1.4	0
13.11.1987	12300	6.2	19.4	1.253	1.4	0.1
14.11.1987	12200	9.4	17.8	1.253	1.4	0.6
15.11.1987	12900	4.6	17	1.253	1.4	0
16.11.1987	12100	4.4	20	1.253	1.4	0
17.11.1987	12000	7.6	21.6	1.253	1.4	0
18.11.1987	12200	5.4	20.4	1.253	1.4	0
19.11.1987	12200	3.6	20	1.253	1.4	0
20.11.1987	12100	4.4	21.4	1.253	1.4	0
21.11.1987	11900	5	19	1.253	1.4	0
22.11.1987	10900	4	18.4	1.253	1.4	0
23.11.1987	6700	3	15	1.253	1.4	0.7
24.11.1987	11200	2	13.4	1.253	1.4	0
25.11.1987	7900	1.4	11.8	1.253	1.4	0
26.11.1987	11000	-0.4	13.6	1.253	1.4	0
27.11.1987	10600	-1	13.8	1.253	1.4	0
28.11.1987	10700	-1	14	1.253	1.4	0
29.11.1987	10600	2	15.4	1.253	1.4	0
30.11.1987	5500	2.2	12.4	1.253	1.4	0
01.12.1987	3800	6	13.2	1.073	1.4	0
02.12.1987	8200	8.2	16.6	1.073	1.4	5.4
03.12.1987	5300	9.4	18	1.073	1.4	19
04.12.1987	5100	9.2	14.8	1.073	1.4	42.5
05.12.1987	5900	6.2	13	1.073	1.4	0.3
06.12.1987	9000	10.2	16.6	1.073	1.4	1.7
07.12.1987	4300	7.2	14.4	1.073	1.4	0
08.12.1987	7200	7.6	15.2	1.073	1.4	10
09.12.1987	6100	11.6	17	1.073	1.4	10
10.12.1987	3700	11.4	15.8	1.073	1.4	6.3
11.12.1987	3700	12.8	14.6	1.073	1.4	19.9
12.12.1987	3700	12.4	15.8	1.073	1.4	22.6
13.12.1987	4000	11	16.2	1.073	1.4	55
14.12.1987	4300	11	15.8	1.073	1.4	2.2
15.12.1987	3700	13.8	17.4	1.073	1.4	33
16.12.1987	3600	14.4	18	1.073	1.4	0.9
17.12.1987	9300	12	20	1.073	1.4	0
18.12.1987	9900	11	19.8	1.073	1.4	0
19.12.1987	4100	10.8	16	1.073	1.4	1.3
20.12.1987	7300	10.5	17.6	1.073	1.4	0
21.12.1987	6200	7.4	18	1.073	1.4	0
22.12.1987	4400	9	16	1.073	1.4	0
23.12.1987	7300	9	16	1.073	1.4	0
24.12.1987	9900	6	15	1.073	1.4	0
25.12.1987	9300	6.2	15	1.073	1.4	0
26.12.1987	10400	4.8	16	1.073	1.4	0
27.12.1987	10700	5.8	16	1.073	1.4	0
28.12.1987	10600	5.8	16.6	1.073	1.4	0
29.12.1987	10700	4.4	15.6	1.073	1.4	0
30.12.1987	10900	2.4	14.8	1.073	1.4	0
31.12.1987	5400	3	12.2	1.073	1.4	8.6
01.01.1988	4300	7.8	16.1	1.014	1.4	4.3
02.01.1988	7400	10	15.6	1.014	1.4	0.5
03.01.1988	6100	5.6	13.3	1.014	1.4	0
04.01.1988	9100	2.2	12.8	1.014	1.4	0
05.01.1988	3800	2.8	9.4	1.014	1.4	3.3
06.01.1988	9600	2.2	11.7	1.014	1.4	0
07.01.1988	3800	0.6	8.9	1.014	1.4	18.3
08.01.1988	3800	5	9.4	1.014	1.4	5.3
09.01.1988	3800	5	13.3	1.014	1.4	0
10.01.1988	10100	2.2	15	1.014	1.4	0
11.01.1988	10400	2.8	15.6	1.014	1.4	0
12.01.1988	10300	2.2	15.6	1.014	1.4	0
13.01.1988	11200	4.4	15	1.014	1.4	0
14.01.1988	11200	1.7	16.1	1.014	1.4	0
15.01.1988	11100	0.6	15.6	1.014	1.4	0
16.01.1988	5800	3.3	13.9	1.014	1.4	0
17.01.1988	9400	1.1	14.4	1.014	1.4	0
18.01.1988	11500	2.8	16.7	1.014	1.4	0
19.01.1988	11100	2.8	17.2	1.014	1.4	0
20.01.1988	9400	0.6	15.6	1.014	1.4	0
21.01.1988	4200	6.1	10.6	1.014	1.4	0.5
22.01.1988	8100	6.7	13.9	1.014	1.4	0
23.01.1988	4600	5	12.8	1.014	1.4	0
24.01.1988	8100	8.9	17.2	1.014	1.4	0
25.01.1988	11400	5	15	1.014	1.4	0
26.01.1988	12200	1.7	13.9	1.014	1.4	0
27.01.1988	11900	0	15	1.014	1.4	0
28.01.1988	6100	2.2	13.3	1.014	1.4	1.5
29.01.1988	5200	5	14.4	1.014	1.4	14.2
30.01.1988	10700	4.4	12.8	1.014	1.4	0
31.01.1988	12000	0.6	11.1	1.014	1.4	0
01.02.1988	7100	0.6	10	1.076	1.7	1.8
02.02.1988	8200	3.9	11.7	1.076	1.7	0
03.02.1988	4700	1.1	7.8	1.076	1.7	1
04.02.1988	6000	3.3	11.1	1.076	1.7	5.1
05.02.1988	10200	0.6	11.1	1.076	1.7	0
06.02.1988	9400	2.2	11.7	1.076	1.7	0
07.02.1988	4900	-0.6	10	1.076	1.7	7.6
08.02.1988	5000	5.6	10.6	1.076	1.7	0.5
09.02.1988	13000	1.1	11.7	1.076	1.7	0
10.02.1988	13800	-1.1	12.8	1.076	1.7	0
11.02.1988	5100	1.7	8.3	1.076	1.7	0.5
12.02.1988	8900	5	10.6	1.076	1.7	0
13.02.1988	5200	4.4	12.2	1.076	1.7	29.7
14.02.1988	5900	12.2	18.3	1.076	1.7	5.3
15.02.1988	5600	10.6	12.8	1.076	1.7	6.1
16.02.1988	5900	11.1	16.7	1.076	1.7	7.1
17.02.1988	10100	7.8	13.3	1.076	1.7	2.8
18.02.1988	9700	8.3	16.1	1.076	1.7	0
19.02.1988	9300	7.2	15	1.076	1.7	11.2
20.02.1988	7600	10	13.9	1.076	1.7	13.2
21.02.1988	6000	10.6	15.6	1.076	1.7	1.5
22.02.1988	6000	10	16.7	1.076	1.7	0
23.02.1988	14300	9.4	18.9	1.076	1.7	0
24.02.1988	5800	8.9	13.3	1.076	1.7	0
25.02.1988	15000	9.4	17.2	1.076	1.7	0
26.02.1988	15300	6.1	18.3	1.076	1.7	0
27.02.1988	13800	5.6	18.3	1.076	1.7	0
28.02.1988	10400	6.1	18.3	1.076	1.7	0.3
29.02.1988	6200	11.1	15.6	1.267	2	8.1
01.03.1988	16500	8.3	17.2	1.267	2	0.5
02.03.1988	8400	8.3	17.8	1.267	2	14.2
03.03.1988	6600	10.6	15	1.267	2	7.9
04.03.1988	13000	10.6	18.9	1.267	2	0
05.03.1988	12500	11.1	19.4	1.267	2	0
06.03.1988	7700	10.6	14.4	1.267	2	5.8
07.03.1988	7300	8.3	13.3	1.267	2	6.1
08.03.1988	11000	7.2	16.1	1.267	2	0
09.03.1988	17100	7.2	17.8	1.267	2	0
10.03.1988	17900	3.9	17.8	1.267	2	0
11.03.1988	17500	3.9	17.8	1.267	2	4.6
12.03.1988	18000	7.2	16.1	1.267	2	0
13.03.1988	18900	2.8	17.2	1.267	2	0
14.03.1988	19000	4.4	19.4	1.267	2	0
15.03.1988	17500	4.4	19.4	1.267	2	0
16.03.1988	16200	6.1	19.4	1.267	2	0
17.03.1988	11200	8.9	18.9	1.267	2	0.3
18.03.1988	13700	7.2	20.6	1.267	2	0
19.03.1988	19700	6.7	22.2	1.267	2	0
20.03.1988	17900	7.2	21.7	1.267	2	0
21.03.1988	20500	4.4	20.6	1.267	2	0
22.03.1988	20100	4.4	23.3	1.267	2	0
23.03.1988	15400	7.2	21.1	1.267	2	0
24.03.1988	18100	7.8	17.2	1.267	2	0
25.03.1988	20300	2.2	17.2	1.267	2	0
26.03.1988	21400	2.8	22.8	1.267	2	0
27.03.1988	18400	3.9	22.2	1.267	2	0
28.03.1988	21500	3.3	20	1.267	2	0
29.03.1988	21100	3.9	22.2	1.267	2	0
30.03.1988	21800	4.4	24.4	1.267	2	0
31.03.1988	20900	5.6	26.1	1.406	1.7	0
01.04.1988	8200	10.6	15.6	1.406	1.7	8.4
02.04.1988	15800	9.4	18.3	1.406	1.7	0
03.04.1988	19600	7.2	19.4	1.406	1.7	0
04.04.1988	8400	7.8	13.3	1.406	1.7	4.6
05.04.1988	10900	10.6	16.1	1.406	1.7	4.6
06.04.1988	10600	5.6	13.3	1.406	1.7	0
07.04.1988	19400	1.7	13.3	1.406	1.7	2.3
08.04.1988	21700	3.9	16.1	1.406	1.7	0
09.04.1988	18700	2.8	18.9	1.406	1.7	0
10.04.1988	15400	5	17.8	1.406	1.7	1.8
11.04.1988	11000	3.9	12.8	1.406	1.7	0
12.04.1988	24200	0	17.2	1.406	1.7	0
13.04.1988	9000	5	17.8	1.406	1.7	4.1
14.04.1988	19300	7.8	17.2	1.406	1.7	0
15.04.1988	13400	7.2	17.8	1.406	1.7	0.5
16.04.1988	21600	6.1	17.2	1.406	1.7	0
17.04.1988	24000	2.8	17.2	1.406	1.7	0
18.04.1988	22900	0.6	19.4	1.406	1.7	0
19.04.1988	25900	4.4	21.7	1.406	1.7	0
20.04.1988	23800	5.6	20	1.406	1.7	1.3
21.04.1988	15100	10.6	19.4	1.406	1.7	0
22.04.1988	12500	8.3	17.2	1.406	1.7	2
23.04.1988	17400	10	19.4	1.406	1.7	12.7
24.04.1988	16300	8.3	18.3	1.406	1.7	2
25.04.1988	18600	6.7	15	1.406	1.7	4.1
26.04.1988	26000	2.8	19.4	1.406	1.7	0
27.04.1988	24100	6.7	20.6	1.406	1.7	0
28.04.1988	24500	5.6	24.4	1.406	1.7	0
29.04.1988	27400	8.3	27.2	1.406	1.7	0
30.04.1988	27500	8.3	27.8	1.566	1.7	0
01.05.1988	26500	8.9	26.1	1.566	1.7	0
02.05.1988	27000	7.8	22.2	1.566	1.7	0
03.05.1988	12900	7.2	18.3	1.566	1.7	7.9
04.05.1988	10200	12.8	17.8	1.566	1.7	1.8
05.05.1988	19200	11.1	21.7	1.566	1.7	0
06.05.1988	26900	7.8	23.9	1.566	1.7	0
07.05.1988	27400	7.2	28.3	1.566	1.7	0
08.05.1988	28200	9.4	32.8	1.566	1.7	0
09.05.1988	28800	12.2	33.3	1.566	1.7	0
10.05.1988	27600	12.8	34.4	1.566	1.7	0
11.05.1988	28000	12.8	33.3	1.566	1.7	0
12.05.1988	22400	12.8	30	1.566	1.7	0
13.05.1988	22700	13.3	26.7	1.566	1.7	0
14.05.1988	25800	9.4	30	1.566	1.7	0
15.05.1988	23600	15.6	31.1	1.566	1.7	0
16.05.1988	28700	13.9	32.8	1.566	1.7	0
17.05.1988	15700	16.7	32.8	1.566	1.7	0
18.05.1988	23700	16.7	31.7	1.566	1.7	0
19.05.1988	23600	17.8	30.6	1.566	1.7	0
20.05.1988	28000	11.7	31.7	1.566	1.7	0
21.05.1988	25300	15.6	33.3	1.566	1.7	0
22.05.1988	16400	16.1	30	1.566	1.7	0
23.05.1988	14400	17.2	34.4	1.566	1.7	0
24.05.1988	26500	16.7	36.7	1.566	1.7	0
25.05.1988	28500	16.7	34.4	1.566	1.7	0
26.05.1988	28800	14.4	36.1	1.566	1.7	0
27.05.1988	25500	16.1	34.4	1.566	1.7	0
28.05.1988	28700	16.1	31.1	1.566	1.7	0
29.05.1988	11100	13.9	20	1.566	1.7	4.8
30.05.1988	29200	11.1	27.2	1.566	1.7	0
31.05.1988	26000	11.7	31.7	1.886	1.7	0
01.06.1988	26100	13.9	31.7	1.886	1.7	0
02.06.1988	28000	14.4	31.7	1.886	1.7	0
03.06.1988	28400	14.4	32.2	1.886	1.7	0
04.06.1988	28600	14.4	32.8	1.886	1.7	0
05.06.1988	11200	17.2	23.9	1.886	1.7	17.5
06.06.1988	11700	17.2	23.3	1.886	1.7	0
07.06.1988	27300	14.4	30	1.886	1.7	0
08.06.1988	29000	16.1	32.8	1.886	1.7	0
09.06.1988	27600	16.1	31.7	1.886	1.7	0
10.06.1988	29600	14.4	33.9	1.886	1.7	0
11.06.1988	29500	15.6	37.2	1.886	1.7	0
12.06.1988	30200	17.8	37.2	1.886	1.7	0
13.06.1988	29800	16.1	34.4	1.886	1.7	0
14.06.1988	28300	18.3	31.7	1.886	1.7	0
15.06.1988	30000	16.1	31.7	1.886	1.7	0
16.06.1988	23500	17.2	32.2	1.886	1.7	0
17.06.1988	26300	17.8	33.9	1.886	1.7	0
18.06.1988	28600	18.3	30	1.886	1.7	0
19.06.1988	19100	18.9	28.3	1.886	1.7	0
20.06.1988	29700	12.2	27.8	1.886	1.7	0
21.06.1988	29700	11.7	27.8	1.886	1.7	0
22.06.1988	26400	14.4	28.3	1.886	1.7	0
23.06.1988	28800	14.4	32.2	1.886	1.7	0
24.06.1988	28500	16.1	32.8	1.886	1.7	0
25.06.1988	28100	17.2	30.6	1.886	1.7	0
26.06.1988	26900	16.7	35	1.886	1.7	0
27.06.1988	29200	16.7	35	1.886	1.7	0
28.06.1988	30200	14.4	32.8	1.886	1.7	0
29.06.1988	29900	16.1	34.4	1.886	1.7	0
30.06.1988	26000	16.1	36.7	2.079	1.7	0
01.07.1988	28300	18.3	36.7	2.079	1.7	0
02.07.1988	27900	18.9	36.1	2.079	1.7	0
03.07.1988	27800	20	37.8	2.079	1.7	0
04.07.1988	27900	21.1	38.3	2.079	1.7	0
05.07.1988	28000	20	39.4	2.079	1.7	0
06.07.1988	28800	18.3	38.9	2.079	1.7	0
07.07.1988	28100	17.2	36.7	2.079	1.7	0
08.07.1988	29300	15.6	37.2	2.079	1.7	0
09.07.1988	25400	16.7	36.1	2.079	1.7	0
10.07.1988	28500	16.1	37.2	2.079	1.7	0
11.07.1988	17600	17.8	29.4	2.079	1.7	0
12.07.1988	24000	17.8	34.4	2.079	1.7	0
13.07.1988	28400	17.8	35.6	2.079	1.7	0
14.07.1988	28800	18.3	35	2.079	1.7	0
15.07.1988	28500	17.8	37.8	2.079	1.7	0
16.07.1988	28000	17.8	39.4	2.079	1.7	0
17.07.1988	27800	18.3	40.6	2.079	1.7	0
18.07.1988	27700	20	37.2	2.079	1.7	0
19.07.1988	28500	18.9	38.3	2.079	1.7	0
20.07.1988	27700	19.4	37.2	2.079	1.7	0
21.07.1988	18800	19.4	35	2.079	1.7	0
22.07.1988	23900	18.9	30.6	2.079	1.7	0
23.07.1988	26100	17.2	34.4	2.079	1.7	0
24.07.1988	20600	17.8	30	2.079	1.7	1
25.07.1988	24500	16.1	31.7	2.079	1.7	0
26.07.1988	27500	17.2	36.7	2.079	1.7	0
27.07.1988	26800	17.8	37.2	2.079	1.7	0
28.07.1988	20300	20	38.9	2.079	1.7	0
29.07.1988	21400	22.8	37.8	2.079	1.7	0
30.07.1988	25900	20.6	37.2	2.079	1.7	0
31.07.1988	27800	18.3	36.7	2.18	1.4	0
01.08.1988	27000	17.2	37.8	2.18	1.4	0
02.08.1988	24900	21.1	36.7	2.18	1.4	0
03.08.1988	28900	17.2	33.3	2.18	1.4	0
04.08.1988	27800	13.9	36.1	2.18	1.4	0
05.08.1988	28300	15	38.3	2.18	1.4	0
06.08.1988	24900	16.7	37.8	2.18	1.4	0
07.08.1988	28200	19.4	36.1	2.18	1.4	0
08.08.1988	27700	17.8	35	2.18	1.4	0
09.08.1988	28300	18.3	33.9	2.18	1.4	0
10.08.1988	27100	16.7	32.8	2.18	1.4	0
11.08.1988	26100	14.4	35.6	2.18	1.4	0
12.08.1988	27100	17.2	35.6	2.18	1.4	0
13.08.1988	26700	17.8	37.2	2.18	1.4	0
14.08.1988	26000	20	37.2	2.18	1.4	0
15.08.1988	23100	18.9	36.7	2.18	1.4	0
16.08.1988	25500	17.2	34.4	2.18	1.4	0
17.08.1988	24400	20	32.2	2.18	1.4	0
18.08.1988	26400	17.2	34.4	2.18	1.4	0
19.08.1988	24900	17.8	37.2	2.18	1.4	0
20.08.1988	23500	17.8	40.6	2.18	1.4	0
21.08.1988	21900	19.4	40.6	2.18	1.4	0
22.08.1988	26000	16.7	37.2	2.18	1.4	0
23.08.1988	25900	13.3	35.6	2.18	1.4	0
24.08.1988	23000	15.6	35	2.18	1.4	0
25.08.1988	25200	16.1	33.3	2.18	1.4	0
26.08.1988	25000	17.8	32.8	2.18	1.4	0
27.08.1988	25400	16.7	33.3	2.18	1.4	0
28.08.1988	24800	12.8	33.3	2.18	1.4	0
29.08.1988	18300	20	32.2	2.18	1.4	0
30.08.1988	19800	21.7	32.8	2.18	1.4	0
31.08.1988	19400	15	32	1.984	1.4	0
01.09.1988	19200	15	31	1.984	1.4	0
02.09.1988	19000	13	35	1.984	1.4	0
03.09.1988	18900	14	37	1.984	1.4	0
04.09.1988	18700	26	40	1.984	1.4	0
05.09.1988	18500	26	44	1.984	1.4	0
06.09.1988	18400	30	45	1.984	1.4	0
07.09.1988	18200	22	44	1.984	1.4	0
08.09.1988	18000	22	40	1.984	1.4	0
09.09.1988	17800	21	39	1.984	1.4	0
10.09.1988	17700	22	39	1.984	1.4	0
11.09.1988	17500	22	37	1.984	1.4	0
12.09.1988	17300	18	35	1.984	1.4	0
13.09.1988	17100	16	27	1.984	1.4	0
14.09.1988	17000	14	28	1.984	1.4	0
15.09.1988	16800	13	28	1.984	1.4	0
16.09.1988	16700	12	29	1.984	1.4	0
17.09.1988	16600	16	29	1.984	1.4	0
18.09.1988	16500	16	30	1.984	1.4	0
19.09.1988	16400	12	30	1.984	1.4	0
20.09.1988	16200	12	30	1.984	1.4	0
21.09.1988	16100	12	30	1.984	1.4	0
22.09.1988	16000	10	30	1.984	1.4	0
23.09.1988	15900	12	32	1.984	1.4	0
24.09.1988	15800	12	34	1.984	1.4	0
25.09.1988	15700	16	36	1.984	1.4	0
26.09.1988	15600	16	36	1.984	1.4	0
27.09.1988	15400	15	36	1.984	1.4	0
28.09.1988	15300	13	35	1.984	1.4	0
29.09.1988	15200	12	32	1.984	1.4	0
30.09.1988	15100	14	30	1.703	1.4	0
01.10.1988	15000	16	30	1.703	1.4	0
02.10.1988	14900	18	32	1.703	1.4	0
03.10.1988	14800	18	31	1.703	1.4	0
04.10.1988	14600	15	31	1.703	1.4	0
05.10.1988	14500	15	32	1.703	1.4	0
06.10.1988	14400	10	28	1.703	1.4	0
07.10.1988	14300	15	30	1.703	1.4	0
08.10.1988	14200	12	29	1.703	1.4	0
09.10.1988	14100	18	28	1.703	1.4	0
10.10.1988	14000	9	22	1.703	1.4	6
11.10.1988	13900	6	18	1.703	1.4	0
12.10.1988	13800	11	21	1.703	1.4	3
13.10.1988	13600	10	15	1.703	1.4	30
14.10.1988	13500	11	19	1.703	1.4	3
15.10.1988	13400	10	17	1.703	1.4	0
16.10.1988	13300	10	18	1.703	1.4	14
17.10.1988	13200	10	18	1.703	1.4	62
18.10.1988	13100	11	22	1.703	1.4	0
19.10.1988	13000	10	22	1.703	1.4	0
20.10.1988	12900	10	26	1.703	1.4	0
21.10.1988	12900	10	25	1.703	1.4	0
22.10.1988	12800	12	26	1.703	1.4	0
23.10.1988	12700	12	30	1.703	1.4	0
24.10.1988	12600	12	32	1.703	1.4	0
25.10.1988	12500	12	32	1.703	1.4	0
26.10.1988	12400	11	30	1.703	1.4	0
27.10.1988	12400	11	30	1.703	1.4	0
28.10.1988	12300	12	31	1.703	1.4	0
29.10.1988	12200	14	25	1.703	1.4	7
30.10.1988	12100	12	22	1.703	1.4	4
31.10.1988	12000	13	23	1.253	1.4	3
01.11.1988	11900	16	24	1.253	1.4	0
02.11.1988	11800	14	22	1.253	1.4	0
03.11.1988	11700	15	23	1.253	1.4	3
04.11.1988	11600	15	25	1.253	1.4	0
05.11.1988	11600	13	24	1.253	1.4	0
06.11.1988	11500	12	22	1.253	1.4	0
07.11.1988	11400	12	18	1.253	1.4	0
08.11.1988	11300	13	22	1.253	1.4	87
09.11.1988	11200	14	24	1.253	1.4	0
10.11.1988	11100	12	18	1.253	1.4	11
11.11.1988	11100	9	21	1.253	1.4	0
12.11.1988	11000	10	21	1.253	1.4	0
13.11.1988	10900	10	23	1.253	1.4	0
14.11.1988	10800	10	22	1.253	1.4	0
15.11.1988	10700	11	23	1.253	1.4	0
16.11.1988	10600	9	24	1.253	1.4	0
17.11.1988	10400	7	23	1.253	1.4	0
18.11.1988	10300	4	21	1.253	1.4	0
19.11.1988	10100	4	18	1.253	1.4	4
20.11.1988	10000	10	18	1.253	1.4	0
21.11.1988	9900	6	16	1.253	1.4	0
22.11.1988	9700	8	15	1.253	1.4	4
23.11.1988	9600	8	14	1.253	1.4	0
24.11.1988	9400	9	11	1.253	1.4	4
25.11.1988	9300	6	16	1.253	1.4	0
26.11.1988	9100	5	18	1.253	1.4	0
27.11.1988	9000	3	18	1.253	1.4	0
28.11.1988	8900	2	18	1.253	1.4	0
29.11.1988	8700	3	15	1.253	1.4	5
30.11.1988	8600	5	18	1.073	1.4	0
01.12.1988	8400	6	16	1.073	1.4	0
02.12.1988	8300	4	17	1.073	1.4	0
03.12.1988	8100	4	17	1.073	1.4	0
04.12.1988	8000	2	18	1.073	1.4	0
05.12.1988	7900	5	19	1.073	1.4	0
06.12.1988	7700	2	16	1.073	1.4	0
07.12.1988	7600	2	15	1.073	1.4	0
08.12.1988	7400	1	15	1.073	1.4	0
09.12.1988	7300	0	17	1.073	1.4	0
10.12.1988	7200	1	18	1.073	1.4	0
11.12.1988	7000	0	20	1.073	1.4	0
12.12.1988	6900	-2	16	1.073	1.4	0
13.12.1988	6700	-1	16	1.073	1.4	0
14.12.1988	6600	-3	15	1.073	1.4	0
15.12.1988	6400	-2	15	1.073	1.4	0
16.12.1988	6300	-3	17	1.073	1.4	0
17.12.1988	6300	-3	17	1.073	1.4	0
18.12.1988	6300	-3	16	1.073	1.4	0
19.12.1988	6300	-1	16	1.073	1.4	0
20.12.1988	6300	-1	17	1.073	1.4	0
21.12.1988	6300	0	18	1.073	1.4	0
22.12.1988	6300	2	16	1.073	1.4	0
23.12.1988	6300	3	18	1.073	1.4	0
24.12.1988	6300	4	18	1.073	1.4	0
25.12.1988	6300	5	20	1.073	1.4	0
26.12.1988	6300	5	20	1.073	1.4	0
27.12.1988	6300	5	19	1.073	1.4	0
28.12.1988	6300	5	19	1.073	1.4	0
29.12.1988	6300	6	19	1.073	1.4	0
30.12.1988	6300	-1	19	1.073	1.4	0
31.12.1988	6300	-2	20	1.073	1.4	0
