CURRENTDAY	Irradiation	Tmin	Tmax	VapourPressure	WindSpeed	Precipitation
01.01.1969	1214	-6.7	5.7	0.652	2.4	3.2
02.01.1969	670	1.2	7.7	0.854	3.3	0
03.01.1969	1465	3.4	4.2	0.615	1.5	0
04.01.1969	837	-0.4	1.2	0.531	1.5	0
05.01.1969	1089	-2.7	0.8	0.465	1.3	0
06.01.1969	586	-2.7	0.2	0.412	2.3	0
07.01.1969	2386	-1.5	2.3	0.493	4	0
08.01.1969	1507	-0.8	2.8	0.629	2.7	0
09.01.1969	1884	0.4	4.7	0.706	1.3	0.2
10.01.1969	1884	-0.7	1.4	0.547	3.6	0.4
11.01.1969	419	-1.1	3.3	0.696	2.7	0.3
12.01.1969	1758	0.3	5.6	0.681	2.7	0.7
13.01.1969	879	1.2	10.2	0.885	4.4	0.1
14.01.1969	3349	5.2	9.1	0.758	3	7.2
15.01.1969	1633	3.4	5.7	0.706	2.6	1.9
16.01.1969	1382	3.6	7.2	0.731	4.2	0
17.01.1969	1298	2.4	6.6	0.731	3.8	0.7
18.01.1969	670	2.8	7.7	0.854	5.1	2.7
19.01.1969	586	4.7	6.7	0.842	3.2	1
20.01.1969	3014	0.3	7	0.785	2	0.5
21.01.1969	3014	1.1	7.7	0.747	3.9	0
22.01.1969	1465	3.8	10.7	1.03	2.7	9.3
23.01.1969	3056	7.2	8.2	0.866	1.3	0
24.01.1969	1256	2.6	8.3	0.785	1.3	0.3
25.01.1969	1005	2.3	9.7	1.11	1.7	0
26.01.1969	1758	7.7	9.6	1.016	2.4	0
27.01.1969	963	4.4	7.8	0.91	2.7	0
28.01.1969	2219	5.1	10.6	0.897	3.1	5.2
29.01.1969	2386	5.5	7.7	0.831	3.8	0
30.01.1969	670	4.3	8.6	0.802	3.9	0
31.01.1969	3475	5	7.5	0.572	5.6	0.2
01.02.1969	3977	0.8	6.8	0.706	3.1	3.3
02.02.1969	3224	3.1	5.5	0.547	6.9	2.1
03.02.1969	5527	-0.2	4.9	0.572	3.4	0.7
04.02.1969	4522	-4.8	4	0.602	0.2	0
05.02.1969	1633	-4.4	5.5	0.842	0.3	0.2
06.02.1969	1130	2.3	4.5	0.721	2.7	4.4
07.02.1969	3936	0.6	3.4	0.629	2.5	0.4
08.02.1969	6155	-2.7	2.9	0.52	3.1	5.4
09.02.1969	6071	-1.9	0.8	0.504	4.3	2.4
10.02.1969	7829	-5.2	1.2	0.493	1.1	0
11.02.1969	3852	-9.4	0.3	0.504	2.3	4.8
12.02.1969	1465	-6.5	0	0.493	2.8	6.1
13.02.1969	6573	-16.9	-4.8	0.316	0.6	0
14.02.1969	7285	-20.5	-5.5	0.304	0	0
15.02.1969	8792	-19.3	-1	0.304	1.2	0.1
16.02.1969	2763	-16.3	0.1	0.437	5.3	2.1
17.02.1969	3308	-5.3	-1	0.479	1.9	2.9
18.02.1969	4354	-3.6	-1.5	0.52	1.6	0.2
19.02.1969	4438	-8	0.3	0.332	3.3	5.7
20.02.1969	2680	-7.5	4.7	0.731	2.6	1.9
21.02.1969	3475	0.3	5.1	0.706	2.8	2
22.02.1969	6238	2.9	8.1	0.629	3.5	0.1
23.02.1969	7913	3.3	7.2	0.638	3.5	0
24.02.1969	3308	1.6	5.2	0.666	2.9	0
25.02.1969	2805	0.3	2.7	0.602	1.8	0.1
26.02.1969	2512	-1.5	0	0.493	1.9	0.8
27.02.1969	4019	-2	1.1	0.504	1.1	0
28.02.1969	5778	-1.6	4.7	0.638	2.2	0
01.03.1969	1884	-0.9	1.7	0.52	2.4	0
02.03.1969	6824	0.5	6.6	0.615	2.8	0
03.03.1969	4857	1.3	6.3	0.615	3.1	0
04.03.1969	11053	-1.7	8.2	0.437	2.8	0
05.03.1969	12853	-4.2	7.5	0.345	2.8	0
06.03.1969	12393	-4.3	9.5	0.412	1.2	0
07.03.1969	8248	-5.9	4.2	0.585	1.5	0
08.03.1969	13188	-5.3	10.4	0.547	2.4	0
09.03.1969	5778	-1.5	6.8	0.547	2.1	0
10.03.1969	10844	-5.6	7.2	0.437	1.4	3
11.03.1969	4354	-0.5	5	0.706	1.8	2.5
12.03.1969	2721	-1.1	3.9	0.629	2.4	14
13.03.1969	2010	0.6	11.6	1.148	3	9.3
14.03.1969	5234	3.9	12.8	1.22	2	2.1
15.03.1969	3349	2.6	3.2	0.652	4.5	2.6
16.03.1969	1968	-1	1	0.465	4.6	4.3
17.03.1969	2847	-0.9	2.2	0.559	5.1	0.8
18.03.1969	2805	-1	2.5	0.531	4.1	0.8
19.03.1969	7034	-1	7.7	0.721	2.8	0.1
20.03.1969	9839	-0.2	5.7	0.602	2.8	0
21.03.1969	14696	-1.2	7.5	0.424	3.8	0
22.03.1969	15198	-1	5.3	0.424	4.2	0
23.03.1969	11095	-1.8	6.3	0.479	3.7	0.8
24.03.1969	3977	-0.9	4.3	0.666	2.4	0.9
25.03.1969	7494	-1.7	5.7	0.504	2.2	0
26.03.1969	7159	-1.9	4.3	0.547	3.2	0
27.03.1969	16077	-3.2	6	0.437	2.7	0
28.03.1969	9337	-4.1	5.3	0.531	1.5	0
29.03.1969	11262	-4.7	9.1	0.424	1.6	0.1
30.03.1969	4312	-2	10	1.03	4.7	5.4
31.03.1969	4229	3.7	9.6	0.975	5.6	11
01.04.1969	9462	2.1	7	0.652	4.5	0.5
02.04.1969	13398	0.4	7.5	0.572	2.9	0
03.04.1969	13942	-0.2	9.1	0.547	1.4	0
04.04.1969	19050	-1.7	12.4	0.572	2.4	0
05.04.1969	19636	1.8	14.7	0.721	4	0
06.04.1969	19678	2.6	19	0.666	4.2	0
07.04.1969	18254	7.8	20.7	1.002	2.8	0
08.04.1969	16035	8.8	21.7	0.681	2.2	0
09.04.1969	17668	9.5	23.6	0.572	1.8	0
10.04.1969	12184	3.3	18.5	0.842	3.1	1
11.04.1969	2973	8	12	1.27	4.4	12.1
12.04.1969	6364	8.5	9.3	0.615	7.6	5.9
13.04.1969	11388	0.7	6.8	0.666	3.9	5.6
14.04.1969	16245	0.4	9.8	0.493	3.5	6
15.04.1969	3977	2.2	10.8	1.148	4.6	9.8
16.04.1969	15198	3.1	8.7	0.615	5.2	0.3
17.04.1969	19259	1.7	8.3	0.652	4.5	1.6
18.04.1969	17375	-1	6.7	0.638	3.6	3.9
19.04.1969	15701	-3.6	7.4	0.465	1.1	0
20.04.1969	16203	0	9.8	0.531	2.4	0
21.04.1969	7871	2.6	10.7	1.044	5.4	6.1
22.04.1969	14696	6.7	12.7	0.854	3.2	4.5
23.04.1969	10718	7	12.5	1.016	2.2	0
24.04.1969	6573	4.3	13.3	1.044	2.5	9.6
25.04.1969	18380	6.1	15.5	0.813	3.7	0
26.04.1969	5150	9.2	16.6	1.469	3.5	7.5
27.04.1969	19427	7	14.8	0.842	2.4	0
28.04.1969	21395	3.4	14.6	0.897	1.8	0.1
29.04.1969	21562	1.1	12.8	0.721	1	0
30.04.1969	22316	-2	14.8	0.681	1.8	0.2
01.05.1969	3014	6	11.5	0.813	5	0.2
02.05.1969	17333	7.3	21.1	1.394	2	0.7
03.05.1969	12267	11.5	19.7	1.349	2	0
04.05.1969	14151	8.5	20.6	1.367	1	2.5
05.05.1969	20180	11.3	20.4	1.245	1	0
06.05.1969	2554	10.5	13.6	1.34	3	1.3
07.05.1969	19008	8.8	16	0.975	3	0
08.05.1969	12100	9.8	15.9	1.08	2	0
09.05.1969	19845	1.9	17.9	0.785	3	1.7
10.05.1969	9839	6.6	15.3	1.03	2	8.7
11.05.1969	8081	9.7	18.9	1.61	3	0.2
12.05.1969	22986	10.2	25.4	1.367	2	0
13.05.1969	21562	15.9	29.5	1.685	3	0
14.05.1969	15701	16.2	23.6	1.685	2	6.6
15.05.1969	13188	11.8	19.3	1.22	5	4.3
16.05.1969	18338	10.2	15	1.03	6	0.8
17.05.1969	9127	7.5	13.9	1.058	4	11.6
18.05.1969	9630	6.6	10.3	0.842	4	3.8
19.05.1969	8918	2.8	8.9	0.731	7	2.8
20.05.1969	6615	6	9.7	1.03	3	2.1
21.05.1969	10174	1.4	11.5	0.842	3	0.2
22.05.1969	25037	5.4	15.4	0.885	2	0
23.05.1969	22860	4.8	17.6	0.988	3	0
24.05.1969	20850	10.4	23.3	1.431	6	0
25.05.1969	19510	13.3	22.3	1.431	3	1.5
26.05.1969	9085	12.5	15.8	1.245	3	1.6
27.05.1969	19887	6.5	19.2	1.125	6	3.4
28.05.1969	17124	12.3	18.6	1.148	2	8.9
29.05.1969	20348	11.3	19.7	1.03	0	0.2
30.05.1969	17166	10.1	19.1	1.18	3	0.7
31.05.1969	10844	8.2	15.6	1.403	2	12.9
01.06.1969	9881	9.7	15.8	1.11	0	1.5
02.06.1969	13858	5.7	15.3	1.125	2	12.7
03.06.1969	4940	8.4	14.4	1.22	4	6.5
04.06.1969	12895	4.9	12.2	0.948	3	6.5
05.06.1969	13607	7.5	15.4	0.922	7	0.2
06.06.1969	19343	4	16	0.721	5	0
07.06.1969	22232	6.4	19.5	1.016	6	0
08.06.1969	29810	6.9	23.3	0.988	3	0
09.06.1969	30229	7.7	22.4	0.961	3	0
10.06.1969	29936	11.2	24.3	1.058	3	0
11.06.1969	26209	12.1	25.5	1.204	3	0
12.06.1969	27465	8.3	26	1.296	2	0
13.06.1969	25539	10.1	28.6	1.367	6	0
14.06.1969	21813	11.6	26.5	1.296	1	0.6
15.06.1969	24953	12.3	26.8	1.558	1	0.1
16.06.1969	18296	11.6	25.7	1.631	4	12.7
17.06.1969	21646	11.6	20.8	1.18	3	0
18.06.1969	8792	13.7	20.3	1.538	2	1.2
19.06.1969	22860	9.6	19.6	1.044	5	0
20.06.1969	16873	8.8	20	1.287	5	0.7
21.06.1969	21478	10.9	19.6	1.11	1	6.9
22.06.1969	24116	8.7	20.7	1.262	1	0
23.06.1969	12016	14.6	22.3	1.977	4	0.4
24.06.1969	6908	16.2	18.8	1.538	3	0
25.06.1969	8667	13.5	18.4	1.27	1	1.1
26.06.1969	14068	12.4	19.1	1.228	3	0
27.06.1969	6824	8.6	16.3	1.685	3	5.7
28.06.1969	17710	5.5	18.1	1.08	3	0
29.06.1969	12142	6.2	19.8	1.322	2	0.4
30.06.1969	20306	12.7	23.9	1.245	2	0
01.07.1969	23823	8.3	23.9	1.751	2	0
02.07.1969	23237	9.1	25.3	1.46	4	0
03.07.1969	8290	14.6	21.7	1.796	2	0
04.07.1969	27968	9.9	23.6	1.228	1	0
05.07.1969	21771	13.1	22.6	1.45	3	0
06.07.1969	13398	10	21.7	1.367	2	13.1
07.07.1969	6741	14.4	18	1.579	4	3.1
08.07.1969	13523	10.2	15.2	1.164	5	3
09.07.1969	17961	8.2	16	1.188	3	0.8
10.07.1969	14821	8	17.6	1.073	3	7.7
11.07.1969	7871	11.6	17	1.469	5	0.9
12.07.1969	9965	9.2	19.2	1.579	2	0
13.07.1969	17543	12.5	22.8	1.558	4	0.1
14.07.1969	10593	10.4	21.2	1.538	0	0
15.07.1969	27926	8.1	26.4	1.674	5	0
16.07.1969	24870	15.9	30.2	2.145	3	1.3
17.07.1969	7746	16.2	21.6	1.774	2	0
18.07.1969	21604	7.9	23.1	1.394	2	0
19.07.1969	23823	8.9	24.2	1.245	3	0
20.07.1969	19008	16.9	22.9	1.706	7	0
21.07.1969	15659	14.4	24.3	2.014	4	0
22.07.1969	24283	14.6	24.3	2.002	3	0
23.07.1969	22525	13.2	31.6	2.079	3	0
24.07.1969	18338	20.6	30	2.399	3	13.2
25.07.1969	8457	16.7	23.1	1.903	2	0
26.07.1969	10425	17	24.4	2.159	1	0
27.07.1969	22483	15.2	25.7	1.685	2	0.1
28.07.1969	22483	12.1	29.2	2.014	3	0
29.07.1969	21688	21	32.4	1.903	8	0
30.07.1969	19008	15	24.3	1.843	3	0
31.07.1969	7327	13.8	22.9	1.927	2	0.5
01.08.1969	18966	17.1	29.5	1.717	3	0.2
02.08.1969	19552	16.8	30.2	2.002	3	15.8
03.08.1969	21646	15.4	25	1.349	2	0
04.08.1969	23948	12.8	27.5	1.674	1	0
05.08.1969	19217	14.7	29.4	1.706	1	0
06.08.1969	19050	16.6	23.1	1.631	3	0.1
07.08.1969	24493	9	24.9	1.296	2	0
08.08.1969	22818	13.3	27	1.431	5	0
09.08.1969	21939	12.6	29.1	1.262	5	0
10.08.1969	23446	18	28.9	1.188	4	0
11.08.1969	22860	16.6	27.2	0.922	7	0
12.08.1969	16663	14.5	27.3	0.91	7	20.7
13.08.1969	18422	13.9	22.5	1.313	2	0
14.08.1969	19678	9.9	23.9	1.394	4	1.2
15.08.1969	5610	15.4	20.5	1.796	0	6.2
16.08.1969	5610	14.9	19.7	1.891	4	0.2
17.08.1969	7411	15.6	20.7	1.903	3	1.6
18.08.1969	15072	9.8	21.5	1.558	3	0.5
19.08.1969	8960	14.7	23	1.977	2	0
20.08.1969	10174	16.7	19.9	1.262	7	11.7
21.08.1969	14444	11.8	18.2	1.322	9	10.7
22.08.1969	10258	11.7	17.3	1.45	1	12
23.08.1969	14779	9.5	17	1.18	4	17.3
24.08.1969	10551	12.1	18.3	1.674	8	3.5
25.08.1969	7034	10	16	1.349	4	7.3
26.08.1969	9337	9	15	1.245	4	7.8
27.08.1969	10006	8.8	17.9	1.287	10	6
28.08.1969	13063	11	17.3	1.518	4	3.9
29.08.1969	14068	12.5	20	1.296	4	1.7
30.08.1969	13188	11	18.6	1.204	3	0
31.08.1969	11430	12.2	19.8	1.228	0	0
01.09.1969	8583	12.8	17.4	1.27	2	0
02.09.1969	7578	12.7	18.1	1.394	0	0
03.09.1969	19552	3.8	20	1.46	2	0
04.09.1969	13565	9.6	20	1.27	2	0
05.09.1969	16538	4.9	20.6	1.262	3	0
06.09.1969	11388	7.5	19.5	1.422	4	0
07.09.1969	14612	13.6	21	1.431	4	0
08.09.1969	17082	7.6	22.5	1.579	3	0
09.09.1969	13523	7.6	24.3	1.518	0	0.1
10.09.1969	7411	13	20.7	1.717	2	0.1
11.09.1969	15198	11.9	24.6	1.469	4	0
12.09.1969	16035	14.4	26.7	1.45	4	0
13.09.1969	15533	15.5	26.5	1.569	2	0
14.09.1969	11346	9.5	26.3	1.785	3	0
15.09.1969	7746	12.6	22.8	1.685	0	0
16.09.1969	2847	14.4	19.7	1.867	0	0.4
17.09.1969	5234	14.3	21.7	1.796	5	1.1
18.09.1969	13775	13.8	18.9	1.22	4	0
19.09.1969	16370	7.2	18	0.842	5	0
20.09.1969	15617	0	18.1	0.975	2	0.1
21.09.1969	2219	7	17.4	1.729	4	2.4
22.09.1969	8792	12.8	18.2	1.058	4	1.6
23.09.1969	12560	4.2	18.6	1.002	1	0
24.09.1969	12644	7.8	21	1.46	2	0
25.09.1969	8750	10.3	20.1	1.538	3	0
26.09.1969	9169	10.3	17.9	1.095	4	3.7
27.09.1969	8499	12.9	15.3	0.758	5	0
28.09.1969	14905	2	15.6	0.885	3	0.9
29.09.1969	8499	8.8	14.8	0.897	1	0
30.09.1969	13858	-0.5	14.4	0.666	1	0.2
01.10.1969	11849	5	13.5	0.696	4	1.1
02.10.1969	4187	4.3	14.4	0.961	7	1.4
03.10.1969	5568	7.7	18.2	1.27	3	0
04.10.1969	7327	13	20	1.631	1	0
05.10.1969	10383	8	19.1	1.34	4	0
06.10.1969	9504	9.3	21.3	1.652	1	0
07.10.1969	6908	10.5	20.7	1.685	2	0
08.10.1969	9797	12.4	22.9	1.538	3	0
09.10.1969	9881	11.2	22.6	1.489	2	0.1
10.10.1969	9672	2.2	19.9	1.228	2	0.2
11.10.1969	8750	2.2	21.7	1.62	3	0
12.10.1969	5275	8.8	17.3	1.34	2	0.2
13.10.1969	2512	8.4	11.6	1.073	0	0.2
14.10.1969	8206	3.2	18.5	1.262	3	0
15.10.1969	5150	9.2	16.1	1.403	1	0.2
16.10.1969	8248	2.7	18.4	1.367	1	0.2
17.10.1969	9127	6	20	1.34	1	0
18.10.1969	7787	1.7	16	1.228	2	0.1
19.10.1969	8122	2	18.7	1.164	2	0.1
20.10.1969	7787	2.1	20.1	1.394	1	0.6
21.10.1969	3140	7.3	17.4	1.589	0	0.2
22.10.1969	3559	11.9	16.8	1.528	1	0.1
23.10.1969	4522	12.4	17.5	1.34	5	1.6
24.10.1969	6992	10.7	15.1	0.813	8	9.2
25.10.1969	5234	9.3	13.8	1.08	4	0.9
26.10.1969	4354	10	14.9	1.148	4	0
27.10.1969	3391	7.6	16.3	1.431	4	0
28.10.1969	2847	11.7	15.4	1.469	1	0.3
29.10.1969	4271	8.7	12.6	0.831	3	0.1
30.10.1969	4689	7.2	12.8	0.975	6	0.2
31.10.1969	2763	8.6	13.7	1.228	5	0
01.11.1969	1591	9.7	11.4	1.002	5	0
02.11.1969	3182	8.3	14.5	1.27	6	0
03.11.1969	2177	9.8	15.5	1.313	7	0
04.11.1969	754	12.8	13.6	1.044	4	7.9
05.11.1969	6113	1.9	10.1	0.758	4	1.2
06.11.1969	3349	0.7	8.4	0.721	2	0
07.11.1969	2052	-0.1	9	0.629	6	5
08.11.1969	3308	0.8	11.1	0.802	7	1.7
09.11.1969	1382	4.9	11	1.016	8	11.4
10.11.1969	4522	5	11.1	0.935	8	0.3
11.11.1969	1382	5.5	14.5	1.228	6	14.7
12.11.1969	4564	9.9	13.2	0.774	8	2.2
13.11.1969	2638	6.4	9.5	0.897	3	1.5
14.11.1969	3643	1.4	9.2	0.842	3	0
15.11.1969	2596	4.6	9.1	0.696	9	0.2
16.11.1969	1633	3.2	9.9	0.91	5	2.4
17.11.1969	2428	6.1	7.7	0.802	4	0.6
18.11.1969	3140	2.3	9.6	0.585	7	0.9
19.11.1969	1591	3	11.4	1.148	8	0.5
20.11.1969	4187	7.4	9.2	0.706	7	0
21.11.1969	1214	2.4	9.5	1.073	2	0.6
22.11.1969	712	5.6	10	1.08	1	0.3
23.11.1969	1884	2.8	11.3	1.03	1	1.2
24.11.1969	2889	0.8	5.6	0.572	0	0.5
25.11.1969	2093	-1.3	3.7	0.615	1	0.4
26.11.1969	1465	-0.5	1.9	0.585	1	0
27.11.1969	1172	-3.2	6.2	0.731	3	3.2
28.11.1969	2554	-0.3	6.3	0.652	2	3.2
29.11.1969	3014	0.2	4.2	0.666	4	0.5
30.11.1969	921	-5	0	0.547	0	0
01.12.1969	670	-2.8	3.1	0.559	2	0.9
02.12.1969	2721	-0.5	7.3	0.866	3	2.8
03.12.1969	754	3.1	7	0.854	2	1
04.12.1969	3224	0.1	2.9	0.465	0	0.1
05.12.1969	4899	-5.5	3.5	0.547	1	0
06.12.1969	2805	-4	1.4	0.437	0	0
07.12.1969	2386	-5.3	-1.3	0.384	3	4
08.12.1969	2177	-5.3	2.5	0.531	0	0.1
09.12.1969	4187	-7.9	2	0.52	0	0.1
10.12.1969	1340	-11.8	-5.3	0.358	0	0.2
11.12.1969	1675	-10.5	-2.7	0.316	0	0
12.12.1969	1172	-9.7	-0.2	0.547	0	0
13.12.1969	419	-2.7	0.5	0.531	0	0
14.12.1969	1591	-0.5	1.5	0.504	5	6.2
15.12.1969	502	0.1	1.4	0.629	2	7.5
16.12.1969	795	-1.5	-1.5	0.373	2	0.3
17.12.1969	2554	-13.5	-5.1	0.358	0	0
18.12.1969	754	-8.2	-3	0.332	1	0
19.12.1969	2889	-10	-2.6	0.345	1	0
20.12.1969	2093	-11.5	-6.7	0.304	2	0
21.12.1969	1424	-9.7	-0.5	0.29	5	6.5
22.12.1969	1130	-6.7	0.2	0.547	2	3.6
23.12.1969	1005	-1.5	3.3	0.666	1	0.6
24.12.1969	502	0	3.1	0.681	0	3.2
25.12.1969	921	1.4	2.8	0.721	2	1.5
26.12.1969	2303	2.3	5	0.652	0	0
27.12.1969	2680	-1.7	0	0.465	1	0
28.12.1969	1005	-4.7	-3.1	0.332	3	0
29.12.1969	754	-4.8	-1.2	0.345	0	0
30.12.1969	2889	-7.2	-0.8	0.358	5	0
31.12.1969	1800	-7	-7	0.226	2	0
01.01.1970	2428	-11.6	-1	0.226	0	0.2
02.01.1970	335	-12.4	3	0.666	6	2.4
03.01.1970	879	-1	0.7	0.585	2	0.6
04.01.1970	4438	-6.8	-2	0.384	0	0
05.01.1970	1633	-9.8	0.4	0.437	0	0.2
06.01.1970	1675	-6.3	0.3	0.572	7	1.8
07.01.1970	2093	-3.9	-1.2	0.52	0	0
08.01.1970	2386	-4.5	0.2	0.316	9	1.3
09.01.1970	837	-4.5	2.2	0.629	8	3.9
10.01.1970	1424	-0.7	3.3	0.652	4	2.3
11.01.1970	1340	1	8.6	0.813	4	0
12.01.1970	2680	2.5	6.3	0.731	3	0.2
13.01.1970	1298	1.6	5.5	0.831	2	0
14.01.1970	3056	1.5	6.3	0.747	3	0.1
15.01.1970	544	1.5	5.4	0.813	0	4.9
16.01.1970	670	0.9	4.6	0.785	0	0.2
17.01.1970	544	-1.2	1.4	0.52	1	0
18.01.1970	2596	-1.2	5.6	0.696	4	0
19.01.1970	1256	-0.6	1.7	0.615	0	0
20.01.1970	2428	-1.3	0.7	0.531	3	0
21.01.1970	3601	-5	-0.1	0.437	1	0
22.01.1970	963	-4.9	0.9	0.465	3	2.4
23.01.1970	1968	-3.1	3.9	0.629	6	3.1
24.01.1970	1633	-0.8	5.3	0.785	2	0.7
25.01.1970	670	2.2	7.8	0.961	1	8.1
26.01.1970	1089	4.1	7.6	0.975	0	9.3
27.01.1970	1214	4.6	7.1	0.854	3	0.2
28.01.1970	1800	1.7	3.9	0.696	0	0
29.01.1970	3266	-0.1	4.1	0.615	3	0
30.01.1970	2428	-0.3	1.2	0.547	4	0
31.01.1970	5820	-5.3	-2	0.304	1	0
01.02.1970	5820	-9	1.3	0.304	5	3.5
02.02.1970	3182	-9	8.1	0.758	6	10
03.02.1970	3559	1.3	6.4	0.629	12	0
04.02.1970	2554	1.1	5.7	0.774	0	0.3
05.02.1970	3349	0.3	5.2	0.696	0	0
06.02.1970	5485	-4.3	2	0.52	4	0
07.02.1970	2052	-4.1	3.8	0.547	7	10
08.02.1970	4815	-1.4	7	0.652	7	5
09.02.1970	3643	2.8	6.6	0.706	3	4.1
10.02.1970	2638	0.2	2.3	0.652	3	4.3
11.02.1970	6280	-1.8	4.3	0.666	1.7	0.9
12.02.1970	1800	-1.8	1	0.52	4.2	2.2
13.02.1970	5987	-1.2	2.1	0.437	3.3	0
14.02.1970	5234	-4.3	0.9	0.559	1.7	0
15.02.1970	8499	-9.9	-1.8	0.358	1.9	1.5
16.02.1970	5610	-8	0.4	0.465	3.5	3.9
17.02.1970	3643	-10.7	1.9	0.504	3.2	4.4
18.02.1970	6280	-7.1	-1.5	0.373	3.8	0.3
19.02.1970	2638	-9.7	5.3	0.638	3.6	9.4
20.02.1970	3475	-2.1	5.3	0.615	7.4	1
21.02.1970	2428	1.8	8.3	0.747	3.9	19.1
22.02.1970	2428	2.1	9.7	1.044	5.4	10.8
23.02.1970	4940	3.1	7.7	0.731	4.7	0.2
24.02.1970	5359	1.8	8.3	0.731	2.5	1.4
25.02.1970	4480	0.4	5.8	0.652	1.9	4.1
26.02.1970	5108	-0.9	5.2	0.629	1.5	0.1
27.02.1970	2470	0.1	0.2	0.451	3.4	0
28.02.1970	7871	-2.9	2.4	0.412	3.2	0
01.03.1970	3894	-5.4	6.3	0.572	3.7	9.9
02.03.1970	5527	0.2	4.1	0.602	4.4	0.8
03.03.1970	7955	-1.8	4	0.652	1.7	1.5
04.03.1970	8499	-1.8	3.6	0.451	3	0
05.03.1970	8709	-5.8	3.5	0.451	2.9	0.1
06.03.1970	9127	-4.1	5	0.602	4	1.4
07.03.1970	10509	-1.9	3.9	0.629	2.8	0.5
08.03.1970	2805	-2.2	-0.2	0.559	2.4	1.9
09.03.1970	10969	-4.7	3.1	0.615	1.8	0
10.03.1970	10132	-6.6	3.9	0.585	1.1	0.1
11.03.1970	11891	-4.4	4.2	0.547	3.7	0
12.03.1970	7159	-7.6	6.4	0.615	3.7	0.1
13.03.1970	11262	1	7.2	0.629	2.4	0
14.03.1970	12519	-0.4	4.1	0.504	3.8	0
15.03.1970	4899	-4.4	4.5	0.638	2	0.1
16.03.1970	3684	-2.7	7.5	0.731	2.9	0.1
17.03.1970	2219	2.9	8.2	0.935	5.2	5.3
18.03.1970	6908	4.8	7.7	0.706	5.9	2.2
19.03.1970	7411	2.7	8	0.602	5.1	0.6
20.03.1970	2093	1.1	9.1	1.016	4.2	1
21.03.1970	3684	3.8	11	1.03	2.9	0.9
22.03.1970	8918	5.7	11.1	0.731	3.4	0.1
23.03.1970	9378	-4.5	12.1	0.758	1.9	12.3
24.03.1970	4815	0.4	6.9	0.866	2.5	0.3
25.03.1970	11262	1.3	8.3	0.531	2.1	0
26.03.1970	12895	-5.3	6.5	0.585	3.1	0.6
27.03.1970	12519	-2.1	5.1	0.451	5	0.6
28.03.1970	11262	-0.6	5.9	0.547	4.8	2.8
29.03.1970	9630	0.1	6.8	0.615	3.8	0.6
30.03.1970	3349	1.9	8.5	0.866	6.3	17.1
31.03.1970	7285	3.5	8.9	0.802	4.3	2.5
01.04.1970	4271	2.5	4	0.731	4.2	5.7
02.04.1970	11472	-0.6	5.1	0.652	3.6	0.7
03.04.1970	14151	-2.1	7.1	0.437	3.5	0.8
04.04.1970	10718	-1	6.4	0.652	2.6	1.3
05.04.1970	8792	-3.8	6	0.572	3.5	3.6
06.04.1970	2596	0.2	5.3	0.866	4.2	14.7
07.04.1970	14738	-2	5.1	0.52	2.1	4.2
08.04.1970	10006	-1.1	5.7	0.706	2.4	0.9
09.04.1970	13858	-5.1	8.1	0.615	0.9	4.4
10.04.1970	9797	-1.2	7.5	0.559	1.9	1.8
11.04.1970	7369	1.4	9	0.758	1.3	2
12.04.1970	13691	3.7	12	0.721	3.2	5.8
13.04.1970	11807	4.9	10.6	0.747	2.2	0.1
14.04.1970	5778	1.8	7.3	0.666	1.8	0
15.04.1970	8164	0	11.6	0.897	3.2	2.1
16.04.1970	7159	4.5	15	1.148	5	0.1
17.04.1970	11932	9.8	16	1.164	3	3.5
18.04.1970	8834	11.1	13.7	0.922	4.5	0
19.04.1970	10593	6.5	13.4	0.842	2.6	0
20.04.1970	15784	0.1	11.3	0.547	2.7	0.5
21.04.1970	3643	3.5	11	1.044	5.7	2.6
22.04.1970	4689	7	13.1	1.058	6.4	0.2
23.04.1970	3559	9.9	12.4	1.22	5.8	3.3
24.04.1970	16873	7.8	12.8	0.721	3.2	8.1
25.04.1970	7034	9.4	13	1.095	4.8	1.7
26.04.1970	8081	5.6	9.8	0.948	3.1	0.7
27.04.1970	14277	3.7	9.6	0.831	3.1	1.2
28.04.1970	20641	-1.2	9.9	0.572	2.9	11.4
29.04.1970	14612	2.8	7.9	0.731	6.7	1.5
30.04.1970	14989	2.7	8.4	0.758	4.4	0.9
01.05.1970	14277	0.8	11.3	0.652	1.5	1.4
02.05.1970	3517	4.7	12.1	1.262	1.1	3.2
03.05.1970	10341	8.4	16.1	1.262	0.8	0.2
04.05.1970	19343	3.5	18.1	1.18	2	0
05.05.1970	23404	9.7	19.9	0.948	4	0
06.05.1970	21269	10.1	21.9	1.34	3.4	0
07.05.1970	20097	14.5	21.8	1.228	2.8	0
08.05.1970	18799	5.4	22	1.322	1.6	0.2
09.05.1970	22023	10.9	20.9	1.188	1.5	0
10.05.1970	14319	8.9	22.3	1.27	1.6	0
11.05.1970	20180	14	21.8	1.287	2.5	0
12.05.1970	20976	10.7	20.4	1.27	2.5	0.2
13.05.1970	15198	9.5	18.2	1.058	2.3	0
14.05.1970	21604	7.7	20.7	0.988	1.2	0
15.05.1970	11849	9.3	19.2	1.262	1.8	3.3
16.05.1970	4647	12	15.2	1.376	0.5	0.4
17.05.1970	14947	7.2	18.6	1.03	1.9	0
18.05.1970	26544	3.8	19.8	1.133	1.4	0
19.05.1970	8415	5.5	17.1	1.245	1.4	2.8
20.05.1970	16957	4	15.7	0.948	1.6	0.1
21.05.1970	8960	9.4	13.7	0.91	3.9	3.8
22.05.1970	16412	5.9	12.7	0.652	4.2	1.1
23.05.1970	17752	2.6	15.9	0.975	1.4	0
24.05.1970	21018	6	20	1.058	1	0
25.05.1970	19887	8	21.1	1.349	1.8	0
26.05.1970	18338	6.1	17	0.885	2.7	0.8
27.05.1970	6992	6.2	11.8	0.961	1.7	0
28.05.1970	23111	8.8	18.8	1.03	0.7	0
29.05.1970	10676	9.9	20.2	1.03	1.2	2.4
30.05.1970	14821	10	17.7	0.91	2.1	0.8
31.05.1970	17459	11.2	17.1	0.975	3	0.3
01.06.1970	18548	9.7	18.2	0.975	2.8	0
02.06.1970	28219	1.2	17.1	0.681	1.5	0
03.06.1970	26796	2.8	20.2	0.831	1.7	0
04.06.1970	26000	9.3	20.1	0.696	3.1	0
05.06.1970	21436	9.9	22.5	1.22	2.1	0.1
06.06.1970	23823	11.6	25.8	1.27	2.7	0
07.06.1970	21101	16.6	26.9	1.322	3.3	0
08.06.1970	25288	17.7	28.2	1.262	2.8	0
09.06.1970	23907	17.6	28	1.579	2.4	0
10.06.1970	24074	14.9	27.8	1.82	1.2	8.7
11.06.1970	26963	11.5	26.3	1.46	1.6	0
12.06.1970	23237	12.3	21.7	1.03	2.1	0
13.06.1970	28763	5.3	18.9	0.922	1.9	0
14.06.1970	22902	7.9	18	0.897	1.4	0
15.06.1970	17250	5.3	18.3	0.975	0.7	0
16.06.1970	22944	5	23	1.27	1.2	0
17.06.1970	16705	14.5	26.7	1.558	2.5	0
18.06.1970	28177	15.6	25.9	0.91	3.6	0
19.06.1970	22734	14.3	26.1	1.016	2.2	0
20.06.1970	23781	10.9	27.8	1.188	1.4	0
21.06.1970	20767	7.6	26.7	1.27	0.8	0
22.06.1970	19510	12.3	27.6	1.62	1	0
23.06.1970	18631	13.6	24.1	1.538	2.2	0
24.06.1970	8834	10.2	21.3	1.82	2.8	1.9
25.06.1970	20432	16	21.7	1.22	3.5	0
26.06.1970	25874	5.8	25.2	1.18	0.8	0
27.06.1970	17920	12.6	29.7	1.774	1.5	5
28.06.1970	9630	15.5	19.7	1.558	1.5	0.8
29.06.1970	6992	12.9	17.2	1.558	2.8	5.6
30.06.1970	8960	10.1	15.7	1.349	3.2	8.2
01.07.1970	6029	11.4	16.1	1.22	3.4	10.6
02.07.1970	11221	9.4	15.1	1.058	4.2	18.7
03.07.1970	11053	9.7	16	1.11	4.1	2.5
04.07.1970	10593	10.7	18.4	1.133	2.8	0.3
05.07.1970	8918	12.9	20.6	1.61	2	2.7
06.07.1970	18841	15.5	24.1	1.652	1.5	0
07.07.1970	25205	16.1	28.6	1.82	1.9	0
08.07.1970	23069	19	27.8	1.977	2.6	1.3
09.07.1970	15701	16	23.6	1.855	3.3	1.9
10.07.1970	19762	10.9	20.6	0.975	1.5	0
11.07.1970	10383	12.3	19.6	1.394	1.4	0
12.07.1970	23027	10	21.9	1.403	2.2	0
13.07.1970	25288	13	24	1.579	2.8	3
14.07.1970	3308	13.8	15	1.469	2.6	32.2
15.07.1970	11681	9.8	16.5	1.03	4.8	16.3
16.07.1970	11472	11.3	15.2	1.095	3.8	0
17.07.1970	17626	10.7	17.3	1.044	2	0
18.07.1970	13314	7.8	21.6	1.62	1.7	0
19.07.1970	5024	13	16.2	1.538	2.5	6.3
20.07.1970	5066	13.5	15.2	1.22	2.3	7.7
21.07.1970	11304	9.5	16.6	1.204	2.6	0.8
22.07.1970	17417	9.9	18.6	1.058	2	0
23.07.1970	20222	7.7	22	1.245	1.2	0
24.07.1970	14319	13.3	22.8	1.62	2.2	4.6
25.07.1970	8290	13.1	17	1.125	4.8	6.2
26.07.1970	10551	12.2	17.9	1.18	4	2.2
27.07.1970	10928	13.7	19.8	1.62	3.1	0
28.07.1970	14738	15.3	23.5	1.867	2.8	1.2
29.07.1970	12812	12.8	21	1.558	1.3	4.1
30.07.1970	22902	9.5	23.6	1.422	0.8	0
31.07.1970	21269	9.9	26.2	1.45	0.7	0
01.08.1970	17082	12.4	25.5	1.751	1.1	0
02.08.1970	21185	13.7	26.9	2.014	1.6	0
03.08.1970	20934	15.8	26.5	1.808	2.1	0
04.08.1970	20725	16.2	25.7	1.891	2.1	0
05.08.1970	21855	13.3	27.2	1.45	1.8	0
06.08.1970	11932	15.8	25.3	2.014	1.6	0
07.08.1970	9672	12.6	24.6	2.053	1.1	3
08.08.1970	8206	16.3	19.1	1.729	1.4	9
09.08.1970	16747	12.7	22	1.674	1.3	0
10.08.1970	4229	12.3	17.8	1.729	2.7	8.9
11.08.1970	15031	14.2	19.8	1.376	1.5	0
12.08.1970	22902	6.6	21	1.22	1.2	0
13.08.1970	21688	12.2	25.5	1.27	2.1	2.9
14.08.1970	13063	13.9	21.3	1.262	2.2	0.1
15.08.1970	18087	6.3	21.1	1.073	0.7	0.1
16.08.1970	6155	11.3	17.8	1.706	3.1	2
17.08.1970	9211	10.5	16.1	1.133	3.6	0
18.08.1970	18338	10.8	19.5	1.03	1.8	0
19.08.1970	10048	12	22.6	1.74	2.1	0.2
20.08.1970	9211	15.5	20	1.204	3.3	0.1
21.08.1970	13607	11.7	19.5	1.204	2	0
22.08.1970	12267	11.1	19.5	1.164	0.6	2.4
23.08.1970	5862	12.4	18.7	1.717	0.9	5.8
24.08.1970	15701	12.4	24.3	1.073	1.5	0
25.08.1970	19008	8.6	21.2	1.46	1.2	0
26.08.1970	19385	7.6	22.5	1.148	0.9	0
27.08.1970	18966	5.9	24.2	1.22	0.8	0.1
28.08.1970	19301	8.4	22.5	1.044	1	0
29.08.1970	16915	6.3	26.1	1.18	0.9	0
30.08.1970	17836	9.5	24.9	0.866	1	0
31.08.1970	13733	9.3	18.9	1.46	1.7	0
01.09.1970	16035	14.5	18.8	0.897	3.4	0
02.09.1970	14738	7.9	19.2	1.044	1.9	0.3
03.09.1970	11262	12	20.6	1.751	2.9	2.2
04.09.1970	7411	10.1	17.6	1.188	2.8	0.5
05.09.1970	11765	11.7	19.4	1.262	3.4	0
06.09.1970	10593	10	18	1.164	2.6	0
07.09.1970	16161	6.2	21.2	1.044	2.2	0
08.09.1970	9002	12.6	21.8	1.729	4.2	10.1
09.09.1970	4689	14.5	19	1.569	4.6	3.4
10.09.1970	4396	12.8	16.1	1.22	4	0
11.09.1970	7201	12	16.1	1.228	3.6	1.8
12.09.1970	7620	10.4	17.2	1.422	3.6	13.8
13.09.1970	11932	11.2	15.8	0.854	4.8	17.1
14.09.1970	4522	11.8	16.4	1.367	3.4	3.6
15.09.1970	8792	12.7	20.4	1.706	3.3	21.4
16.09.1970	8332	11.5	16.4	1.03	4.6	2.7
17.09.1970	8415	8.8	17.5	1.322	2.5	0
18.09.1970	14947	8.9	21.4	1.287	1	0
19.09.1970	11765	5.7	24.1	1.74	0.5	0
20.09.1970	10341	10.5	22.5	1.663	0.6	0.1
21.09.1970	9169	10.3	19.9	1.652	1.2	0
22.09.1970	15784	5.7	17.6	1.03	1	0.1
23.09.1970	11221	2.1	17.1	1.044	0.6	0.1
24.09.1970	13775	0.8	17.6	1.002	0.3	0
25.09.1970	11137	7.6	21	1.322	0.5	0
26.09.1970	9337	9.3	21.6	1.46	1.7	0
27.09.1970	10760	12.1	21.8	1.499	2.4	0
28.09.1970	11974	12.2	22.5	1.313	2.8	0
29.09.1970	12309	8.6	21.2	1.18	2.3	0.3
30.09.1970	4019	10.5	16.1	1.313	3	10.3
01.10.1970	9504	8.6	15.5	1.08	3.2	1.6
02.10.1970	7243	11.5	15.3	0.866	6	12
03.10.1970	6699	7.1	13.4	1.125	5.7	5.8
04.10.1970	2763	8.3	15	1.22	2.9	3.6
05.10.1970	2847	9.6	14.9	1.34	4.6	0.1
06.10.1970	3726	13	16.1	1.403	3.2	2.7
07.10.1970	3894	10	13.5	1.22	2	0.3
08.10.1970	6824	7	15.3	1.18	1.1	0.1
09.10.1970	8164	0.9	15.2	1.125	1.3	0.1
10.10.1970	7201	3.7	16.9	1.469	1.2	0.1
11.10.1970	9797	7.1	23.3	1.489	2.4	0
12.10.1970	6657	10.9	18.3	1.569	2.2	0
13.10.1970	4019	9.4	15.1	1.469	1	0
14.10.1970	2428	10.6	12.8	1.133	1.6	0
15.10.1970	9630	5	13	0.747	1.8	0
16.10.1970	8834	2.6	13	0.721	2.1	0
17.10.1970	8918	0.7	14.9	0.948	1.1	0.1
18.10.1970	5443	0.5	15.1	1.296	2.2	1.1
19.10.1970	3768	5.3	12.6	0.854	5.4	12.4
20.10.1970	3349	4	8.3	0.866	3.1	13.6
21.10.1970	6573	5.5	12.1	0.948	3.4	0.2
22.10.1970	6364	3.2	12.3	0.935	2.7	0.4
23.10.1970	5485	1.6	11.5	0.774	0.9	0.3
24.10.1970	1424	4.8	11.7	1.188	2.7	1.6
25.10.1970	2052	9.2	12.3	1.148	4.9	2.1
26.10.1970	2093	10.6	11.7	1.095	4	5.3
27.10.1970	5527	3.9	12.6	0.785	2.4	7.4
28.10.1970	1089	6.7	13.3	1.376	4.2	10.9
29.10.1970	2638	7.9	14.3	1.27	2.2	0.4
30.10.1970	1214	8.3	14.3	1.349	5.6	3.4
31.10.1970	1256	10.9	13.3	1.349	6	1.8
01.11.1970	3475	11.3	14.7	1.03	6.1	12.2
02.11.1970	544	9.5	14.6	1.45	4.4	17.2
03.11.1970	3224	10.8	13.9	1.002	7.1	0.6
04.11.1970	2931	8.3	12.4	1.125	3.6	4
05.11.1970	5903	8.1	11.4	0.831	5.8	3.7
06.11.1970	5527	3.6	11.2	0.813	1.9	0.2
07.11.1970	1758	3	7.6	0.866	1.8	0
08.11.1970	2135	1.5	9.6	0.706	3.1	0.4
09.11.1970	3308	2.7	11.2	0.866	6.2	2.7
10.11.1970	3475	3.4	11.1	0.935	2.4	1.6
11.11.1970	1424	4.2	13.2	1.204	5.4	0.6
12.11.1970	1758	11.1	12.7	1.016	4.8	3.2
13.11.1970	4857	4.9	8.7	0.666	4	0
14.11.1970	3308	1.1	9.2	0.831	4.5	0.3
15.11.1970	1758	3.3	7.2	0.774	2.3	1
16.11.1970	3852	1	6.4	0.572	3.4	3.5
17.11.1970	2261	2.5	13.6	0.91	2.9	10.7
18.11.1970	2261	5	14.8	0.948	5.6	2.8
19.11.1970	2721	9.5	13.9	0.831	6.4	2.4
20.11.1970	3601	2.1	10	0.831	4.4	2.4
21.11.1970	4103	2.7	9.9	0.885	3.7	0
22.11.1970	1926	2.4	5.6	0.854	0.8	0.2
23.11.1970	2345	1	7.7	0.758	3.4	0.2
24.11.1970	3977	2.5	10.9	0.721	3.2	0
25.11.1970	3810	2.6	10.8	0.813	2.6	0
26.11.1970	3601	2.9	12.4	1.095	0.7	0.2
27.11.1970	2261	1	5.8	0.866	1.6	0.2
28.11.1970	2512	1.9	7.3	0.802	2.6	0.7
29.11.1970	1047	2.6	13.7	1.133	3.3	1.3
30.11.1970	2261	6.5	10.9	0.988	4.7	5.1
01.12.1970	544	7.1	7.8	0.961	3.5	3.3
02.12.1970	1675	3.9	10.8	0.91	3.9	12.6
03.12.1970	2010	4.1	10.6	0.721	4.5	0.3
04.12.1970	419	2.1	10.7	1.08	3.3	14
05.12.1970	2261	4.8	9.5	0.897	3.1	0.8
06.12.1970	1005	4.2	8.6	1.016	4.7	6.1
07.12.1970	2973	2.5	8.4	0.842	1.8	1.8
08.12.1970	3433	-1.5	7.7	0.774	0.4	0
09.12.1970	502	-1.5	6.6	0.922	0.3	0
10.12.1970	963	3.8	8.4	0.961	0.7	0.2
11.12.1970	544	5.8	7.4	0.706	2.9	0
12.12.1970	2554	-0.9	4.9	0.706	2.5	0
13.12.1970	1256	-0.5	7.4	0.91	2.1	0.1
14.12.1970	1717	3.6	7.7	0.774	2.2	0.3
15.12.1970	1675	-0.3	6.9	0.696	0.9	0
16.12.1970	1382	2.9	5.4	0.585	0.8	0
17.12.1970	1382	-1.1	4	0.585	2.6	0.8
18.12.1970	628	-0.3	6.8	0.842	2.4	1.2
19.12.1970	419	3.3	7.9	1.002	1.9	1.3
20.12.1970	544	5.1	7	0.885	2.4	0.7
21.12.1970	2470	1	4.6	0.585	2.5	0.7
22.12.1970	2638	-1	3	0.493	2	0
23.12.1970	3014	-3.2	0.3	0.437	1.7	0
24.12.1970	3140	-6.9	-0.6	0.465	2.3	0
25.12.1970	3433	-6.9	-0.1	0.399	2.3	0.2
26.12.1970	1507	-5.2	-3.1	0.373	2.7	0
27.12.1970	2554	-7.8	-3.3	0.358	3	0
28.12.1970	377	-6.9	-1.3	0.465	3.9	3.2
29.12.1970	1549	-3.5	-0.3	0.399	1.4	0.1
30.12.1970	2052	-9.3	-0.2	0.451	2.7	0.7
31.12.1970	3601	-12.9	-1	0.424	0.6	0
01.01.1971	1130	-12.2	0.6	0.373	2.2	1.1
02.01.1971	2135	-9	1.6	0.666	2.2	0.8
03.01.1971	963	-3.3	-0.2	0.585	1.7	0.2
04.01.1971	1214	-6.5	-4.4	0.399	1.5	0
05.01.1971	2554	-10.8	-5.3	0.29	1.2	0
06.01.1971	3559	-11.3	0.4	0.277	2.7	0
07.01.1971	1926	-10.6	4.9	0.681	4.7	1.1
08.01.1971	670	0.3	4.9	0.813	2.7	0.8
09.01.1971	1926	-0.8	4	0.696	2.3	0
10.01.1971	3559	0	6.2	0.652	2.4	0
11.01.1971	3140	-2.7	7.4	0.479	4.1	0
12.01.1971	3014	-0.9	5	0.559	2.5	0
13.01.1971	3014	-0.7	5.3	0.652	1.3	0
14.01.1971	3182	-4.5	3.8	0.547	2.3	0
15.01.1971	879	-1.9	3.9	0.681	1.5	3.9
16.01.1971	377	0.9	4.8	0.785	2.4	0.1
17.01.1971	712	2.3	4.2	0.785	2.2	0.1
18.01.1971	3391	-0.7	6.1	0.615	3	1.6
19.01.1971	2093	-0.8	9.2	0.885	4.9	1
20.01.1971	2093	3.2	6.3	0.785	4	1.8
21.01.1971	1214	3.2	5.7	0.706	4.1	0.1
22.01.1971	1005	1.9	6.6	0.802	4.3	4.6
23.01.1971	712	3.8	12.1	0.785	5.9	12.1
24.01.1971	2596	4.5	8.6	0.758	6.8	6.8
25.01.1971	837	4.8	7.7	0.866	5.3	6.4
26.01.1971	2052	5	9.5	0.935	5.5	6.6
27.01.1971	795	6.3	7.7	0.961	3.6	5.3
28.01.1971	2721	5.1	7.6	0.813	3.9	1.1
29.01.1971	2261	3.5	7.1	0.785	3.2	0.4
30.01.1971	1130	2.1	7.4	0.706	3.5	3.8
31.01.1971	1758	3.3	8.4	0.948	2.4	0
01.02.1971	4271	0.7	3.8	0.399	4.3	0
02.02.1971	5485	-6.7	3	0.373	1.9	2.8
03.02.1971	795	-5.4	7.9	0.975	4.4	1.4
04.02.1971	1675	2.4	8	0.975	2.9	0.2
05.02.1971	2010	5	7.1	0.842	1.7	0.1
06.02.1971	1884	4	5.9	0.774	0.8	0.8
07.02.1971	2093	2.9	6.8	0.785	2.5	0.5
08.02.1971	3643	3.1	9.7	0.802	1.7	0.1
09.02.1971	1926	1.9	7.1	0.885	0.8	0
10.02.1971	3391	3.8	5.5	0.706	2.8	0
11.02.1971	7243	-1	7.6	0.731	2.2	0.1
12.02.1971	2638	-0.5	8	0.774	4.4	3.8
13.02.1971	6406	1.6	8.8	0.559	6.6	0.1
14.02.1971	7453	1.3	6.8	0.638	4.3	0
15.02.1971	2010	2.1	6.5	0.731	6.9	10.1
16.02.1971	3810	2.6	5.2	0.731	2.8	0.8
17.02.1971	5862	-3.3	5.2	0.666	2.3	4.5
18.02.1971	1800	1.6	6.4	0.854	2.9	1.1
19.02.1971	8290	-1.4	6.9	0.585	0.8	0.2
20.02.1971	3433	-3.3	6.8	0.721	2.6	5
21.02.1971	4982	-1.8	9.6	0.91	4.1	0.7
22.02.1971	6196	3	8.2	0.696	4.3	0.6
23.02.1971	6783	0.5	8.6	0.681	1.6	0
24.02.1971	2805	-0.2	7.6	0.831	2.4	0.2
25.02.1971	3726	2.2	7.6	0.638	4	0.4
26.02.1971	6992	2	5.8	0.504	3	0
27.02.1971	6908	-3.9	1	0.384	2.4	0
28.02.1971	7243	-5.6	1.9	0.373	2.3	0.2
01.03.1971	6992	-4.1	0.8	0.399	1.8	0
02.03.1971	3308	-3.6	-0.7	0.52	3.3	4
03.03.1971	9797	-6	-0.8	0.332	3.5	0
04.03.1971	10551	-15	-2	0.264	1.8	0
05.03.1971	7704	-17.6	-3.5	0.345	0.9	3.6
06.03.1971	11095	-15.3	-3.7	0.238	2.2	0
07.03.1971	12016	-18.7	0	0.373	0.8	0
08.03.1971	3726	-13.3	2.3	0.559	1.9	0.5
09.03.1971	4019	-1.9	5.7	0.813	1.7	0.7
10.03.1971	8625	-2.4	5.5	0.479	3.9	1.4
11.03.1971	10090	0.2	5.6	0.465	3	5.6
12.03.1971	5401	-0.3	9.2	0.854	2.8	0.1
13.03.1971	5401	0.6	8.4	0.842	3	0
14.03.1971	7159	2.1	10.9	0.802	3.3	1.1
15.03.1971	7787	2.4	9.8	0.585	5.2	0
16.03.1971	9839	-0.2	10	0.696	3.4	5.6
17.03.1971	10383	2.9	9.5	0.629	4	3.6
18.03.1971	5820	4.5	13	0.948	5.2	1.1
19.03.1971	7201	6.9	11.2	0.696	4.4	5
20.03.1971	5108	5	9.3	0.988	2.9	0.1
21.03.1971	3224	3.4	10.5	0.897	2.8	0.7
22.03.1971	3014	4.6	5.4	0.652	5	0
23.03.1971	10969	-3.5	8	0.504	2.1	1.1
24.03.1971	1633	2	8.7	0.948	4.4	2.6
25.03.1971	5234	4.3	9.2	0.854	5.3	1.3
26.03.1971	8332	2.3	7.6	0.758	2.4	0.8
27.03.1971	10216	-2.6	7.6	0.652	1.9	0.5
28.03.1971	10760	-1.4	7.7	0.547	0.9	0
29.03.1971	15533	-2.5	10.9	0.465	2.5	0
30.03.1971	14821	0.6	9	0.615	3.7	0
31.03.1971	4396	1.2	7.5	0.706	2	0
01.04.1971	8667	2.5	9.5	0.638	1	0
02.04.1971	15240	-0.9	16.6	0.52	2.1	0
03.04.1971	4396	4.2	9.1	0.935	3.2	0
04.04.1971	12560	5.7	14.8	0.961	1.8	0
05.04.1971	7411	1.6	11.5	1.073	1.5	0
06.04.1971	3098	4.6	8.5	0.961	1.1	0
07.04.1971	11765	5.5	10.8	0.831	1.4	0
08.04.1971	13314	0.6	13	0.975	2.7	0
09.04.1971	17208	2.6	14.4	0.922	3.4	0
10.04.1971	20683	3.8	13.1	0.493	4.1	0
11.04.1971	10467	3.2	10.2	0.785	2.7	0
12.04.1971	19008	-2	14.4	0.842	2.3	0
13.04.1971	14277	4.4	12.1	0.91	2.8	0
14.04.1971	20222	3.4	18.3	0.91	2.9	0
15.04.1971	20348	6.2	21	0.747	2.3	0
16.04.1971	2512	4.5	9.3	0.975	4	4.3
17.04.1971	15994	3.2	8.5	0.52	3.7	0.2
18.04.1971	21353	2.6	13.9	0.785	3.6	0
19.04.1971	13188	2.2	14.5	0.785	1.8	0
20.04.1971	9378	4.7	14.8	1.03	1.1	0
21.04.1971	20850	2.5	18	0.897	2.5	0
22.04.1971	14444	8.5	22.1	1.22	4	0
23.04.1971	10718	11.7	24.4	1.125	4.4	3.3
24.04.1971	2386	11.9	11.9	1.125	3	6.8
25.04.1971	13858	3.7	8.9	0.504	2.9	0
26.04.1971	16747	-3.7	9.2	0.424	2.6	5
27.04.1971	19259	2	10.1	0.451	2.4	0
28.04.1971	16580	-2.4	10.1	0.559	1.6	0
29.04.1971	21771	0	11.3	0.559	3.1	0
30.04.1971	25414	-5.6	11.9	0.547	2.1	0
01.05.1971	23320	0.5	13.7	0.493	3.4	0
02.05.1971	25833	1.7	14.7	0.547	3	0
03.05.1971	25372	-2	17.3	0.504	2	0
04.05.1971	21688	0.4	18.6	0.731	1.1	0
05.05.1971	22399	2	20.1	0.774	2.3	0
06.05.1971	21855	8.9	20.9	0.831	3.2	0
07.05.1971	19176	11.2	24.2	0.91	4.4	0
08.05.1971	14403	12.8	21.7	1.367	1.3	0
09.05.1971	8834	10.4	17	1.349	1.6	7.2
10.05.1971	23572	4.7	22.1	1.262	1.1	0
11.05.1971	25288	7.1	24.1	1.148	2	0
12.05.1971	21604	9.2	27	1.188	1.4	0
13.05.1971	20432	10.2	22	1.499	2.3	3.5
14.05.1971	6238	10.7	17.2	1.489	1.3	2.9
15.05.1971	23320	10	20.8	1.322	1.6	7.5
16.05.1971	14277	12.5	21.2	1.558	2.2	22.8
17.05.1971	11430	12	21.3	1.499	1.9	5.4
18.05.1971	20599	11	19.2	1.148	1.7	0
19.05.1971	16747	9.6	20.3	1.469	1.7	0
20.05.1971	22902	6.5	19.7	1.073	2	0
21.05.1971	28596	2.4	19.2	0.948	2	0
22.05.1971	6406	9.2	18.8	1.663	2.1	5.5
23.05.1971	19971	11	22.4	1.538	2.7	4.8
24.05.1971	7662	10.5	15.7	1.204	2	0
25.05.1971	7578	7.5	13.5	1.03	1.5	0
26.05.1971	13147	9.6	17.6	1.188	0.9	0
27.05.1971	21227	9.6	20.9	1.016	1.8	7.7
28.05.1971	9127	10.8	15.4	1.262	1.3	0.7
29.05.1971	23823	7.2	17	0.885	1.6	0
30.05.1971	26461	9.1	20.5	0.91	2	0
31.05.1971	19887	9.1	22.5	1.133	1.1	0
01.06.1971	27926	6.4	23.1	1.058	2	0
02.06.1971	24325	11.6	27.1	1.46	2.5	0
03.06.1971	23990	12.4	28	1.148	2.6	0
04.06.1971	24451	12	26.8	1.18	1.9	0
05.06.1971	23069	10.3	21	1.538	3	0
06.06.1971	10718	10.2	17.9	1.34	1.8	0
07.06.1971	11262	9.9	17.4	1.367	2.5	0
08.06.1971	15240	10.3	18.1	1.11	2.1	0
09.06.1971	13816	10.2	19.8	1.095	1.3	0
10.06.1971	10844	11.5	20.9	0.747	1.9	9.4
11.06.1971	20055	11.1	21.4	1.204	2	0
12.06.1971	12686	11.1	17.5	1.34	1.7	0.8
13.06.1971	10090	8.5	17.9	1.27	1.8	1
14.06.1971	10802	2.5	18.4	1.287	2.4	17.2
15.06.1971	2931	9.5	12	1.164	2.8	2.8
16.06.1971	13942	6.2	15.6	1.002	3	11.6
17.06.1971	13314	9.1	14.8	1.058	2.8	3.6
18.06.1971	13230	7.3	15	0.706	1.8	13
19.06.1971	6699	9	15	1.287	3.2	6.2
20.06.1971	4229	9.2	15.5	1.569	4.2	7.1
21.06.1971	17878	10.9	18	1.095	3.4	2.6
22.06.1971	16789	10.6	16.5	0.961	5.1	0
23.06.1971	21311	8.3	18.8	0.961	1.7	0
24.06.1971	22567	8.4	21.3	1.133	0.7	0
25.06.1971	18003	11.4	21	1.394	1.8	0
26.06.1971	11430	14	21.4	1.394	2.6	1.7
27.06.1971	16119	12.9	18	1.125	3.2	9.6
28.06.1971	7662	8.7	15.4	1.313	2.8	11.5
29.06.1971	24367	8.3	18.1	0.91	2.9	1.2
30.06.1971	23572	10.9	18.3	0.91	2.4	0
01.07.1971	24577	3.5	20.6	1.002	0.8	0
02.07.1971	10509	12.4	20.7	1.558	0.6	0
03.07.1971	22609	8.2	23.3	1.528	1.3	0
04.07.1971	25707	8.2	25.8	1.528	1.4	0
05.07.1971	19971	12	27.6	1.46	1	0
06.07.1971	19469	11	27.2	1.489	1.6	0
07.07.1971	26377	11	26.5	1.796	2.2	0
08.07.1971	25916	15.2	28.8	1.528	2	0
09.07.1971	23697	13.2	30.2	1.879	1	0
10.07.1971	23739	15.4	26	1.977	1.9	0
11.07.1971	23990	13.8	27.5	1.422	1.2	0
12.07.1971	18087	12.2	23.3	1.663	2	0
13.07.1971	25707	5.3	19.7	1.03	1.9	0
14.07.1971	13147	11.2	20	1.349	1.9	0
15.07.1971	21436	12.9	22.3	1.228	3.2	0
16.07.1971	19469	11.2	18.2	0.975	2.7	0
17.07.1971	14068	5.7	16.6	0.961	1.6	0.4
18.07.1971	11597	3.1	17.3	1.245	1	0
19.07.1971	20599	3	19.3	0.885	0.8	0.5
20.07.1971	10969	7.5	18.7	1.34	0.6	7.8
21.07.1971	6322	12.1	18	1.528	0.8	2.5
22.07.1971	20683	10.5	24.3	1.422	1.5	3.9
23.07.1971	16580	14	24.7	1.663	1.4	2.2
24.07.1971	17459	16.5	25	1.796	2.7	0
25.07.1971	10718	17.4	23.1	1.774	1.6	7.3
26.07.1971	15407	12.9	25.2	1.843	1.7	0
27.07.1971	9923	11.8	24.6	1.964	0.7	1.6
28.07.1971	6783	17.5	20.8	1.729	2.5	3
29.07.1971	4564	15	17.6	1.61	3.3	2.4
30.07.1971	21855	14.1	24.4	1.558	1	0
31.07.1971	20683	14.6	24.1	1.589	3.1	0
01.08.1971	24325	11	25	1.245	1.2	0
02.08.1971	20850	14.2	23	1.204	1.9	0
03.08.1971	18003	14.3	26.5	1.774	2.7	4.6
04.08.1971	13063	14.7	22	1.376	4.1	0
05.08.1971	14528	15.3	23.2	1.579	3	13.5
06.08.1971	18087	14.3	23.8	1.322	1.9	1.1
07.08.1971	9253	15.7	21.1	1.631	2.3	2.9
08.08.1971	16496	12.2	19.1	1.22	2.1	0
09.08.1971	8960	10.2	21.3	1.706	2.5	0
10.08.1971	12812	15.8	24.5	1.808	1.4	0.6
11.08.1971	4857	14.4	16.1	1.376	4.2	0.7
12.08.1971	8332	12.2	18	1.403	1.9	2.1
13.08.1971	7997	14.8	19.7	1.751	2.8	1.5
14.08.1971	10718	13.9	23	1.751	2.8	4.1
15.08.1971	8625	13.6	18	1.631	2.9	1.2
16.08.1971	20725	9	18.9	1.002	1.1	0
17.08.1971	22316	3.2	21.7	1.095	1.4	0
18.08.1971	19176	8.4	27.5	1.287	1.8	1
19.08.1971	20432	16.5	29.1	1.927	2	1
20.08.1971	12560	16.8	24.9	1.808	1.7	10.5
21.08.1971	14319	15.9	23	1.663	1.5	0
22.08.1971	12602	10.1	23.7	1.751	1.2	5.4
23.08.1971	4689	13.7	18.8	1.855	0.9	3.9
24.08.1971	21813	12.2	21.2	1.058	2.5	0
25.08.1971	20683	7.5	21.5	1.095	2	0
26.08.1971	14444	5.7	21.7	1.125	1.7	2.8
27.08.1971	6071	14.5	19	1.717	3.1	3.8
28.08.1971	6908	11.1	19.4	1.579	4.2	0
29.08.1971	6155	15.8	19.6	1.45	3	1.3
30.08.1971	16496	14.6	20.4	1.148	2.7	3
31.08.1971	15031	11.5	19.2	1.204	2.9	0
01.09.1971	8039	11.2	19.8	1.34	3.8	0.4
02.09.1971	17375	10.6	19.8	1.016	2.2	0
03.09.1971	12267	11.9	21.7	1.528	2.1	0
04.09.1971	11179	11.5	21.6	1.62	1.9	0
05.09.1971	19134	4.2	19.5	1.002	0.7	0
06.09.1971	15114	5.5	20.6	1.148	1.1	0
07.09.1971	19343	3.6	22	0.774	1.9	0
08.09.1971	18213	5.2	22.8	0.988	2.4	0
09.09.1971	14696	10.1	19	0.813	1.9	0
10.09.1971	8499	7.4	18.6	1.148	0.9	0.3
11.09.1971	14486	9.8	18.3	0.961	1	0
12.09.1971	6322	3	17.3	1.27	1.2	0
13.09.1971	11974	12.5	16.8	1.002	1.2	0
14.09.1971	5527	7.2	14	1.164	0.7	1.1
15.09.1971	15826	-0.2	16.2	0.638	0.8	0
16.09.1971	17291	-1.7	17	0.681	0.6	0
17.09.1971	15072	-0.2	17.8	0.758	0.8	0
18.09.1971	10174	7.1	18.8	1.002	1.5	0.1
19.09.1971	11932	4.3	20.3	1.262	0.7	0.1
20.09.1971	14403	3.1	22.6	1.073	0.4	0.1
21.09.1971	13188	3.6	22.7	1.095	0.5	0
22.09.1971	12686	2.5	24.3	1.188	1.3	0
23.09.1971	10509	12.4	23	1.589	1.9	1
24.09.1971	4187	14.3	16.5	1.431	1.8	3.1
25.09.1971	3014	9.9	14.9	1.27	1.5	6.7
26.09.1971	11262	0.2	15.8	1.11	1.8	0
27.09.1971	4605	11.1	16.6	1.528	1.9	5.7
28.09.1971	8415	10	15.5	1.148	1.1	0.1
29.09.1971	9839	3.2	16.4	1.18	0.7	0.1
30.09.1971	5150	7.2	17	1.685	1.5	0
01.10.1971	9588	10.3	20.9	1.674	0.9	0
02.10.1971	10928	6.3	23.5	1.528	0.5	0.1
03.10.1971	10006	4.3	22	1.469	0.3	0
04.10.1971	7955	9.4	16.7	0.961	1.9	0
05.10.1971	12519	-2	13.5	0.572	1.5	0
06.10.1971	12100	-1.7	15.2	0.629	1.6	0.1
07.10.1971	11932	2.1	18.2	0.91	1.7	0
08.10.1971	5694	6.2	16	1.148	1.9	0
09.10.1971	5778	8.1	16.3	1.367	1.9	0
10.10.1971	5945	12	17.6	1.322	2.7	0
11.10.1971	8792	12.2	19.9	1.133	3.3	0
12.10.1971	9043	10.5	19.5	1.322	2	0.1
13.10.1971	1130	10.9	10.9	1.073	2.1	2.7
14.10.1971	7536	5.1	10.2	0.531	2.4	0.1
15.10.1971	11095	-5	10	0.437	1.6	0
16.10.1971	8206	0.2	11.2	0.547	3.3	0
17.10.1971	3182	4.2	11.2	0.747	3.9	1
18.10.1971	3475	5.5	15.8	1.349	5.7	13.2
19.10.1971	4564	11.2	18.3	1.349	6.3	3.9
20.10.1971	5820	9.1	14	1.016	4.7	1.7
21.10.1971	6280	8	14.7	1.095	3.7	0
22.10.1971	5610	10.7	18.2	1.45	5.7	0.1
23.10.1971	2010	12.2	13.7	1.403	2.1	0.2
24.10.1971	8415	5.4	19.5	1.133	1.7	0.1
25.10.1971	4815	5.9	14.2	1.204	1.2	0
26.10.1971	7578	5	12.1	0.721	2.1	0
27.10.1971	8918	2.4	13.3	0.451	2.8	0
28.10.1971	7787	3.3	11.9	0.611	2.7	0
29.10.1971	7787	3.3	13	0.585	3.2	0
30.10.1971	6113	0.4	10.2	0.774	1.7	0
31.10.1971	1842	1.1	10.5	1.164	1.8	0
01.11.1971	2093	6.7	11	1.204	2.1	0
02.11.1971	2303	8.6	12.3	1.228	3.1	0
03.11.1971	963	9.3	11.1	1.204	3.2	0
04.11.1971	1758	6.2	12	1.08	3.6	0
05.11.1971	6322	3.6	14.4	0.897	4.3	1
06.11.1971	4522	4.6	11.2	0.885	3.4	0
07.11.1971	5317	1.8	9.7	0.615	3.8	8.6
08.11.1971	4731	5.3	10.3	0.706	4.7	0
09.11.1971	5192	3.6	9.8	0.585	3.1	0
10.11.1971	6615	-5.6	6.2	0.264	1.5	0
11.11.1971	6908	-4.7	6.3	0.316	1.9	0
12.11.1971	1549	-6.8	4.9	0.721	0.8	0.3
13.11.1971	879	1.5	7.2	0.866	2.3	0.8
14.11.1971	3433	-0.3	10.2	0.897	1.3	0.3
15.11.1971	2512	3.5	10	0.854	2.7	0.4
16.11.1971	1047	7.5	11	1.03	5.3	2
17.11.1971	2847	4.7	11	0.602	4.6	5.8
18.11.1971	670	3.7	12.4	0.885	4.3	10
19.11.1971	2093	-0.1	1.9	0.615	1.5	0.3
20.11.1971	3433	-8.8	8.5	0.602	2.3	5.3
21.11.1971	419	-4	3.2	0.922	6.9	9.4
22.11.1971	1717	1.3	4.3	0.666	6.7	2.8
23.11.1971	3643	0.5	2.6	0.638	2.6	0
24.11.1971	2010	1.2	9	0.559	2.5	0
25.11.1971	837	-4.7	9	0.731	3.7	0.9
26.11.1971	502	1	8.5	1.08	2.6	1.5
27.11.1971	754	6.8	7.2	1.03	3	0
28.11.1971	1256	5.5	7.7	0.897	2.5	6.7
29.11.1971	1172	5.5	7.7	0.922	1.2	1.1
30.11.1971	544	-1.2	4.7	0.785	1.8	1.9
01.12.1971	3224	-0.7	7.6	0.885	0.8	0
02.12.1971	2638	-1.8	7.4	0.842	2.1	0
03.12.1971	2596	0.1	4.8	0.721	1.2	0
04.12.1971	1382	0	4.7	0.629	2.5	0
05.12.1971	461	0.6	6.2	0.774	1.9	0
06.12.1971	1926	3.9	7.2	0.842	0.8	0
07.12.1971	1591	3.9	8.3	0.975	0.9	0
08.12.1971	2470	3.4	6.7	0.547	2.5	0.7
09.12.1971	377	0.5	9.3	0.854	3.4	4.4
10.12.1971	1298	2.4	10	1.073	3.8	0.3
11.12.1971	1047	7.6	9.1	0.975	3.8	0
12.12.1971	377	7.1	7.4	0.842	3.8	0.5
13.12.1971	712	6.6	8	0.831	4.1	0
14.12.1971	3517	5.4	8.2	0.681	2.8	0
15.12.1971	1675	2.7	9.3	0.961	3.3	0
16.12.1971	1005	5.2	9.5	0.975	2.8	0
17.12.1971	2428	-0.9	3.5	0.681	1.5	0.2
18.12.1971	754	-0.7	5	0.681	3	0.2
19.12.1971	586	1	10	0.91	5.3	5.1
20.12.1971	2470	4.6	11.7	0.948	5.2	7.8
21.12.1971	921	6.4	12.4	1.164	5.2	2.7
22.12.1971	377	9.6	9.9	1.148	2.1	4.8
23.12.1971	670	7.9	10	0.948	2.2	0.3
24.12.1971	2554	3	8.1	0.91	2.3	0
25.12.1971	1089	3.8	7.7	0.802	2.4	0
26.12.1971	2847	0.6	6.4	0.706	2.6	0.7
27.12.1971	2093	0.9	8	0.922	2.7	0.4
28.12.1971	3559	1.8	4.7	0.696	2	0.1
29.12.1971	3684	-5	1	0.547	2.2	0
30.12.1971	1298	-4.1	2.8	0.547	4.3	0
31.12.1971	2219	0.9	2.8	0.615	5.2	0
01.01.1972	2600	1	4.1	0.585	3.6	0
02.01.1972	1280	0.5	3.6	0.602	3.2	0
03.01.1972	430	-0.8	1.7	0.602	1.2	0
04.01.1972	360	0.5	2.7	0.638	1.3	0.5
05.01.1972	610	1.1	3.8	0.706	2.2	0.1
06.01.1972	2070	0.6	3.9	0.629	1.2	0
07.01.1972	930	-0.8	1.9	0.602	1.9	0
08.01.1972	1140	-1.3	1.9	0.465	3.8	0
09.01.1972	2780	-1.1	5.2	0.629	3.2	0
10.01.1972	2320	-0.3	6.5	0.585	3.1	0.3
11.01.1972	850	0.3	8.1	0.885	4.3	3.4
12.01.1972	530	6.1	8	0.935	2.6	0.9
13.01.1972	1500	4.7	6	0.813	3.3	0
14.01.1972	1570	1.9	5.3	0.638	2.7	0.1
15.01.1972	1030	-0.5	2.6	0.585	4.1	0
16.01.1972	3920	-0.2	3.7	0.493	4.8	0
17.01.1972	2560	-6.8	-4.3	0.238	5.6	0
18.01.1972	3670	-12	1.6	0.197	3.4	0
19.01.1972	780	-11.6	5.7	0.572	3.9	1.8
20.01.1972	360	0	3	0.747	1.3	11.6
21.01.1972	3100	0	1.6	0.602	1.3	0
22.01.1972	1780	-4.3	0.4	0.437	1.7	0.4
23.01.1972	2460	-3.9	2.5	0.572	3	0
24.01.1972	2890	-0.6	3.3	0.479	4.3	4.6
25.01.1972	4200	-0.9	5.7	0.666	2.4	0.3
26.01.1972	5090	-2.2	3.3	0.451	5.4	6.9
27.01.1972	1070	-1.8	3.4	0.706	5	0.7
28.01.1972	1070	-0.6	0	0.493	5	0
29.01.1972	3780	-3.2	-2.2	0.29	4.7	0
30.01.1972	4310	-9.9	-5.7	0.29	1.2	0
31.01.1972	4310	-11.7	-2.6	0.29	2.6	0
01.02.1972	4380	-8.8	-0.9	0.264	4.5	0.4
02.02.1972	3170	-6	8	0.681	4.1	1
03.02.1972	4880	2.2	8.4	0.652	4.4	2.7
04.02.1972	3060	2.2	8	0.706	3.6	0
05.02.1972	5560	1.1	10.1	0.585	3.4	0
06.02.1972	3030	1.3	9.8	0.629	4.3	3.9
07.02.1972	2320	1.7	10.8	0.975	1.8	5.7
08.02.1972	3920	4.6	9	0.866	2.1	0
09.02.1972	3630	2.3	8.3	0.721	1.7	0
10.02.1972	4700	-2	6.8	0.602	1.7	2.8
11.02.1972	3630	0.1	7.1	0.774	4.7	4.9
12.02.1972	3130	2.9	7.7	0.721	4.2	1.6
13.02.1972	6200	2.3	9	0.666	1.9	0
14.02.1972	2740	-0.9	7.7	0.721	2.5	0
15.02.1972	4810	-0.8	7	0.602	2.6	2.8
16.02.1972	5700	0.1	8.8	0.585	3.6	0
17.02.1972	4740	2.8	9.4	0.629	2	0
18.02.1972	4420	1.8	4.2	0.615	3.2	0
19.02.1972	1530	1.3	3	0.629	3.3	0
20.02.1972	680	1.1	3	0.652	1.9	0.2
21.02.1972	1780	1.3	5.4	0.731	2	1.5
22.02.1972	6130	3	11.3	0.758	1.1	0.1
23.02.1972	8340	1.9	10.1	0.638	2.7	0
24.02.1972	5340	0.7	8.9	0.666	3.3	0
25.02.1972	6200	2.6	8.9	0.681	1.6	0
26.02.1972	3060	-4.4	6.4	0.559	1.1	0.1
27.02.1972	1850	-0.8	3	0.681	1.5	0
28.02.1972	5880	1.4	7.3	0.638	1.1	0
29.02.1972	6200	2.5	9.5	0.7	1	0
01.03.1972	6770	1.5	10.6	0.615	3.4	0
02.03.1972	4670	2.7	9.2	0.629	2.4	0
03.03.1972	7940	3.1	11.7	0.602	4.3	5
04.03.1972	6020	4.5	8.4	0.866	3.4	0.2
05.03.1972	10610	-0.3	9.8	0.602	3.5	0
06.03.1972	7090	2.1	9.8	0.785	4.6	3.2
07.03.1972	11330	3.5	10.6	0.666	4.3	0
08.03.1972	11830	1.8	11	0.696	1.8	0.2
09.03.1972	10080	-4.5	8.9	0.547	1.3	0.1
10.03.1972	4060	-1.5	4.6	0.615	3.2	7.8
11.03.1972	6200	-0.1	2.1	0.602	5.5	0
12.03.1972	15530	-4.6	4	0.21	5.4	0
13.03.1972	12320	-3	7.4	0.399	3.6	0
14.03.1972	11510	-0.4	16.6	0.652	2.5	0
15.03.1972	13140	3.5	19.4	0.721	2.5	0
16.03.1972	12720	0.7	18.7	0.747	1.6	0
17.03.1972	13250	5.7	18.1	0.681	2.1	0
18.03.1972	13680	0.5	19	0.706	2	0
19.03.1972	10330	3.2	17.1	0.747	1	0
20.03.1972	14180	-3.5	18.9	0.802	0.8	0
21.03.1972	12920	-1.5	18.6	0.747	0.8	0.1
22.03.1972	15090	-0.7	15.9	0.638	1.4	0
23.03.1972	11860	-1.4	14	0.842	2.1	0
24.03.1972	16630	-3.5	11.8	0.706	1.9	0
25.03.1972	16290	0.2	17.3	0.666	3.3	0.2
26.03.1972	4060	5.1	12.8	1.002	3.7	2.5
27.03.1972	5260	4.6	9	0.731	6.3	16.2
28.03.1972	7600	2.6	7.6	0.681	6	3.9
29.03.1972	12290	1.7	9	0.706	4.9	0.2
30.03.1972	7320	3.8	11.5	0.842	4.5	0.5
31.03.1972	2860	6.7	11.5	0.975	4.7	5.5
01.04.1972	3090	8.4	11.1	1.073	2.2	6.1
02.04.1972	2970	8.4	12.6	1.11	5.4	4.8
03.04.1972	11090	9.1	12.8	1.03	5.5	0
04.04.1972	5660	4.1	13.8	0.866	3.9	9.5
05.04.1972	7200	7.8	10.7	0.975	5.8	3.6
06.04.1972	9260	5.7	12.2	0.885	5.8	1.1
07.04.1972	8520	6.5	15.2	1.133	5.7	11.3
08.04.1972	9890	5.5	11.8	0.785	6.2	9.9
09.04.1972	15320	3.7	13.1	0.854	3.2	3.2
10.04.1972	5660	6.3	10.4	0.897	4.8	1.9
11.04.1972	14920	3.3	11.2	0.758	3.3	0
12.04.1972	16690	-2.2	13.9	0.854	1.5	0
13.04.1972	7150	-0.7	11.1	0.885	1.1	0
14.04.1972	18920	-2.3	16	0.988	1	6.7
15.04.1972	8170	4.4	8.9	0.842	4.5	17.6
16.04.1972	5370	4.4	9.6	0.91	3.9	0
17.04.1972	21660	4.6	10.3	0.615	2.9	0
18.04.1972	8520	0	11.3	0.731	2.1	1.4
19.04.1972	11320	2.9	9.5	0.802	2.7	7.1
20.04.1972	13200	3.4	11.4	0.831	3.6	0
21.04.1972	21440	3.2	13.8	0.774	3.1	0
22.04.1972	11660	1.7	13.2	0.638	3.3	0
23.04.1972	14520	-0.2	10.7	0.758	3.1	0
24.04.1972	21320	3.7	9	0.731	3.5	0
25.04.1972	24860	-2.6	9.7	0.437	2.8	0
26.04.1972	5660	-1.1	9.8	0.813	2.9	0.5
27.04.1972	14630	3.5	10.4	0.721	3.8	0.8
28.04.1972	13720	0	10.7	0.696	2.5	0.5
29.04.1972	6000	5	9.9	0.731	6.1	4.5
30.04.1972	5430	6.9	14.5	1.11	3.1	0
01.05.1972	22350	4.3	20.7	1.11	1.8	4.4
02.05.1972	22520	9.4	21	1.204	1.5	0
03.05.1972	13660	7.2	20.7	1.376	2	1.6
04.05.1972	6800	8.9	16.5	0.935	2.1	0.2
05.05.1972	10060	10.6	15.7	1.125	2.9	0.7
06.05.1972	21890	7.8	18.7	1.11	2.2	0
07.05.1972	20810	5	18.5	1.204	1.1	0
08.05.1972	22010	7.2	20.6	1.367	2	0.1
09.05.1972	11200	11.2	16.1	1.287	2.1	10.9
10.05.1972	5030	6.8	11.8	1.18	1.8	9.6
11.05.1972	19260	7	16.3	1.044	1.8	1.4
12.05.1972	4630	8.8	9.5	1.03	1.7	13.1
13.05.1972	6740	6.7	9.7	0.961	1.8	3.6
14.05.1972	8570	5.5	11.7	0.897	2	2.5
15.05.1972	12230	3.7	12.4	0.961	2	6.1
16.05.1972	17490	4.1	13.7	0.922	3.5	5.4
17.05.1972	5540	3.9	8.1	0.802	2.7	1.9
18.05.1972	11320	5.4	13.1	0.842	3.3	3.1
19.05.1972	23040	2.6	18.2	1.03	1.2	0
20.05.1972	24120	6.1	19.4	0.885	1.2	0
21.05.1972	18580	8.3	17.6	0.988	2.1	0
22.05.1972	24690	8.4	21.9	1.262	1.9	0
23.05.1972	21090	13.2	23.1	1.287	2.6	2
24.05.1972	6060	11.6	14.6	1.188	3.6	1.7
25.05.1972	20690	10.2	16.5	1.08	4.7	1.1
26.05.1972	21550	11.6	16.9	1.073	7.1	3.8
27.05.1972	9200	8.5	12.1	1.03	6	15.6
28.05.1972	11660	8.6	13.6	0.922	5	5.5
29.05.1972	10920	9.9	15.2	1.08	4.3	0
30.05.1972	17210	8.3	14.8	1.002	5	2.8
31.05.1972	13660	9.4	14.8	1.148	4.2	1.7
01.06.1972	10800	7.9	14.3	1.148	2	0.8
02.06.1972	22520	2.5	17.4	1.22	1.3	0
03.06.1972	12690	10	18	1.287	1.9	0
04.06.1972	13780	11.2	22.2	1.18	2.4	0
05.06.1972	13490	15.4	21.8	1.518	2.7	14.9
06.06.1972	5940	10.3	15	1.164	1.7	1.1
07.06.1972	19830	7.6	19.8	1.27	2.8	1
08.06.1972	14860	9.9	15.5	1.08	2.9	1.9
09.06.1972	15780	6.7	17	1.058	2.7	8.4
10.06.1972	20980	9.6	16	0.975	2.7	1.1
11.06.1972	23840	7.6	17.7	1.058	2.5	0
12.06.1972	14400	7.3	18.2	1.133	0.9	5.2
13.06.1972	26290	3.5	19.6	1.044	1.1	0
14.06.1972	18580	8.1	18.6	1.18	2.4	0
15.06.1972	22520	7.4	17.8	0.961	2.4	0.2
16.06.1972	10230	8.6	16.1	1.188	1.3	0
17.06.1972	25490	3.9	19.6	1.148	1.6	0
18.06.1972	13720	10.5	20.9	1.125	3.4	3.2
19.06.1972	14980	11.6	16.5	1.03	3.6	3.4
20.06.1972	20810	8.2	17.4	1.08	2.6	0
21.06.1972	9430	10.9	17.6	1.058	3.7	0.8
22.06.1972	4460	12.2	13.1	1.349	3.8	27.6
23.06.1972	19090	7.7	15.4	0.988	4.5	0
24.06.1972	7090	11.1	14.8	1.322	2.3	0
25.06.1972	16230	13.1	20.4	1.27	2.1	0
26.06.1972	24120	8	25.9	1.652	1.4	0
27.06.1972	18120	13.9	24.5	1.796	1.8	5.9
28.06.1972	21660	14.1	19	1.499	2.4	0
29.06.1972	14060	7.1	18	1.287	1.3	0
30.06.1972	5320	10.9	13.8	1.133	1.3	8.6
01.07.1972	4110	9.5	14.4	1.245	2	14.2
02.07.1972	9580	10.7	16.8	1.313	3.5	4.5
03.07.1972	9100	12.2	17.7	1.469	2.3	0.7
04.07.1972	13800	13.4	21.7	1.489	2.4	0
05.07.1972	24990	14.3	26.7	1.729	2.7	0.4
06.07.1972	8570	16.1	21	1.82	2	0.7
07.07.1972	17140	11.5	20.1	1.367	2.4	0.6
08.07.1972	4220	12.6	17.6	1.489	2.3	4.9
09.07.1972	6660	12.9	18.9	1.774	1.6	6.5
10.07.1972	20110	11.1	18.1	1.245	2.1	0
11.07.1972	21000	10	19.9	1.349	1.9	0
12.07.1972	26360	6	20.4	1.27	1.1	0
13.07.1972	28620	5.8	21.5	1.367	1.5	0
14.07.1972	23980	7.1	21.5	1.22	1.5	0
15.07.1972	28440	8	22.8	1.349	2.3	0
16.07.1972	24220	15.9	25.5	1.367	3.3	0
17.07.1972	17370	16.5	26.4	1.964	2.9	0
18.07.1972	23500	17.5	30.4	2.227	2.6	0
19.07.1972	21240	17.7	32	2.37	1.2	0
20.07.1972	22610	17	32.4	2.385	1	0
21.07.1972	20230	18	31.1	2.145	1.4	0
22.07.1972	7320	18.1	22.4	2.283	1.7	2.9
23.07.1972	13740	17.1	23.1	1.855	1.5	3.7
24.07.1972	12200	16.5	23.3	2.027	2.2	0.7
25.07.1972	10350	12.3	18.8	1.569	2.1	0
26.07.1972	10770	11.3	17.6	1.376	2.5	12.2
27.07.1972	3870	12.1	16.2	1.499	2.8	44.7
28.07.1972	12500	13.5	19.8	1.61	1.7	5
29.07.1972	15770	14.1	19.6	1.663	1.9	0
30.07.1972	9040	12.9	19	1.706	1.3	0
31.07.1972	17730	12.6	18.7	1.349	1.6	0.3
01.08.1972	14930	13.5	20.1	1.62	2.1	1.7
02.08.1972	10830	13	19.5	1.528	1.4	1
03.08.1972	11780	12.8	18.7	1.569	2.9	0.5
04.08.1972	14520	8.9	19.6	1.376	2.9	0.5
05.08.1972	10060	12.9	19.4	1.61	2.7	0
06.08.1972	20350	11.7	24.7	1.569	2.4	0
07.08.1972	16840	15.6	27.5	1.855	1.8	4.2
08.08.1972	10650	16.4	24.1	1.989	2.9	18.1
09.08.1972	18270	11.9	20.4	1.367	2.2	0
10.08.1972	16360	9.2	22.1	1.528	0.7	0.7
11.08.1972	19690	14.5	19.8	1.751	1.9	0
12.08.1972	20290	4	23	1.34	2	2.1
13.08.1972	11900	15.6	21.9	1.915	1.8	0
14.08.1972	13740	13.3	20.9	1.538	1.6	1.8
15.08.1972	11190	14.7	20	1.46	2	0
16.08.1972	18210	10.5	18.4	1.349	1.4	0
17.08.1972	10590	8.8	19.4	1.469	3	7.1
18.08.1972	15230	11.3	16.7	1.22	3.1	8.7
19.08.1972	17730	8.3	17.3	1.204	2.8	4.3
20.08.1972	19870	10.9	19.3	1.262	1.7	0.4
21.08.1972	14580	13.6	17.4	1.394	2.7	0.2
22.08.1972	13090	10.3	17.2	1.322	2.6	0.5
23.08.1972	13740	6	17.4	1.262	0.9	0
24.08.1972	11540	8.1	19.7	1.367	1.4	0
25.08.1972	8330	6.3	18.6	1.422	1.1	0.1
26.08.1972	7080	10	17.2	1.34	1	0
27.08.1972	10710	6.8	19.4	1.34	1.7	0
28.08.1972	21240	10.6	20.8	1.125	2.4	0
29.08.1972	20050	9.6	21.2	1.164	2.3	0
30.08.1972	20230	10.3	21.6	1.22	3	0
31.08.1972	19100	11	20	1.349	2.7	0
01.09.1972	18270	8.1	19.6	1.313	2.2	0
02.09.1972	13210	6.3	17.6	1.148	2.1	0
03.09.1972	15590	6.6	19.9	1.313	2.5	0
04.09.1972	13690	6.9	17.8	1.403	1.6	0
05.09.1972	16840	4.1	18.7	1.245	1.4	0
06.09.1972	17310	6.6	21.6	1.287	1	0.1
07.09.1972	9520	8.8	20.8	1.589	1.3	0.2
08.09.1972	6660	12.8	18.3	1.558	1.6	0.7
09.09.1972	10170	13.4	21.4	1.431	3.4	14.5
10.09.1972	8570	10.4	14.4	1.27	2.5	2.8
11.09.1972	9820	6.4	14	1.073	2.7	4.1
12.09.1972	7080	7.9	14.5	1.148	2	11.6
13.09.1972	6900	10.1	14.6	1.22	0.8	0.7
14.09.1972	10230	8.5	16.2	1.188	1.8	0
15.09.1972	11780	4.8	15.5	1.148	1.4	0.7
16.09.1972	7440	3.4	13.4	1.228	2.2	5.4
17.09.1972	8570	7.5	14.2	0.948	2.2	0.5
18.09.1972	13860	4.3	16.2	0.988	0.8	3.1
19.09.1972	14160	7.5	15.3	1.11	1.8	0
20.09.1972	13570	1.9	17	0.961	0.7	0
21.09.1972	14160	2.1	17.6	1.058	0.4	0
22.09.1972	9340	4.5	18.6	1.164	0.9	0.1
23.09.1972	13630	4.9	16.3	1.228	1.7	0
24.09.1972	16660	1.9	16.3	1.073	1	0
25.09.1972	11540	2.5	14.6	0.975	1.4	0
26.09.1972	12380	0.8	15.4	0.922	0.9	0.9
27.09.1972	6310	6.1	15.5	1.262	1.7	0
28.09.1972	6370	3.7	12.8	0.975	1.2	0
29.09.1972	5000	8.7	13.6	1.08	0.5	0
30.09.1972	6780	8.5	13.8	1.08	1.6	0
01.10.1972	12380	6.7	14.4	0.922	3.9	0
02.10.1972	12440	5.3	14.9	0.758	3.7	0
03.10.1972	13270	2	13.9	0.666	2.8	0
04.10.1972	12500	3.3	13.8	0.666	2.6	0
05.10.1972	12730	4.8	16.1	0.629	2.8	0
06.10.1972	11660	4.5	18.3	0.696	2.5	0
07.10.1972	10710	4.9	20.6	0.842	1.2	0
08.10.1972	9880	0.9	19.8	0.975	0.4	0.1
09.10.1972	3690	2.8	12	0.975	1	0
10.10.1972	5240	6.7	15.1	1.073	2.7	0
11.10.1972	9160	1	17.3	0.866	1.2	0
12.10.1972	8330	3.6	13.3	1.016	1.6	0
13.10.1972	3390	-0.6	11.5	0.922	1.2	0
14.10.1972	10890	-1.7	14.2	0.721	1.5	0
15.10.1972	8390	2.5	13.8	0.922	1.2	0
16.10.1972	2860	7.2	12.7	1.11	0.5	0
17.10.1972	5060	1.5	10.5	0.747	1.3	0
18.10.1972	6250	3.4	12.5	0.885	2.1	0
19.10.1972	9700	-5.8	10.7	0.52	1	0.5
20.10.1972	6550	-1.3	8.9	0.813	2.3	10.4
21.10.1972	5890	0.6	9.2	0.731	3.3	1.2
22.10.1972	2740	4	11.6	0.961	3.5	3.5
23.10.1972	2860	7.3	12.6	1.148	4.7	0
24.10.1972	4520	7.4	12	0.988	3	0
25.10.1972	7850	3	13.4	0.774	1.2	0
26.10.1972	4820	0.9	13.4	0.785	2	0.7
27.10.1972	6010	5.6	18.1	1.349	2.8	6.4
28.10.1972	5180	11.4	13.8	1.204	2.9	0.3
29.10.1972	7850	3.3	13.5	0.842	2	0
30.10.1972	4220	4.5	12.6	0.802	2.8	0
31.10.1972	1960	6.2	11.2	0.922	1.3	0.1
01.11.1972	5830	1.8	13.4	0.866	0.2	0.1
02.11.1972	1370	3.1	10.9	1.164	1.8	0
03.11.1972	1960	6.4	9.5	0.961	2	0
04.11.1972	770	7	11.1	1.148	2.4	0.8
05.11.1972	1130	9.4	10.9	1.188	3.5	1.4
06.11.1972	1140	9.6	12.9	1.27	2.9	2.2
07.11.1972	810	10.7	12.8	1.287	4	3.8
08.11.1972	2030	9.2	10.8	1.11	1.7	2.1
09.11.1972	3250	4	11	0.922	2.4	0
10.11.1972	740	7.5	11.9	0.961	5.5	11.4
11.11.1972	4720	3.4	7.2	0.629	4.2	5.4
12.11.1972	4060	3.9	12.9	0.747	4.5	15.5
13.11.1972	3320	4.8	8.3	0.758	8.6	3.3
14.11.1972	2770	1.6	6.7	0.638	1.4	1.8
15.11.1972	5350	0.9	7.4	0.615	3.7	0
16.11.1972	1840	0.1	3.9	0.615	2.7	0.4
17.11.1972	1840	1.3	3.9	0.666	2.1	0.7
18.11.1972	5090	0.9	7.2	0.638	2.5	0.4
19.11.1972	2180	-1.8	7.3	0.615	4.3	5.3
20.11.1972	550	0.6	9.6	0.922	5.6	12.3
21.11.1972	2400	6.3	8.8	0.885	5.9	2.4
22.11.1972	3580	4.8	8.8	0.854	4.6	1.6
23.11.1972	4390	3.6	6.8	0.696	3.8	4.3
24.11.1972	3980	0	7.4	0.638	1.5	0
25.11.1972	4060	-4.7	4.4	0.424	1.2	0.9
26.11.1972	3130	-4.5	4.2	0.602	1.4	0
27.11.1972	1360	-0.5	5.6	0.696	4.2	0
28.11.1972	2210	1.4	5.1	0.572	4.9	0
29.11.1972	3800	1.7	7.1	0.721	5.4	0.3
30.11.1972	2660	3.7	7.7	0.706	4.6	0.2
01.12.1972	3390	4.2	10.3	0.802	5.3	0
02.12.1972	2100	4.7	11.3	0.961	5.4	1.6
03.12.1972	2250	6.4	8.8	0.961	2.3	0.1
04.12.1972	2990	2.4	8.6	0.721	5.3	1.9
05.12.1972	2990	3	11.6	0.706	6.6	1.2
06.12.1972	1730	4.1	11.7	1.002	7	7.1
07.12.1972	2100	7.8	9.5	0.975	4	0.1
08.12.1972	2840	2.4	6.6	0.747	3.3	0
09.12.1972	1000	1.9	6.7	0.774	4	4.3
10.12.1972	740	2.7	7.7	0.885	4.4	4.6
11.12.1972	3800	3.4	7.3	0.721	3.6	0
12.12.1972	2580	2.3	9.7	0.615	4.5	0
13.12.1972	770	2.8	10.7	0.961	5	0.3
14.12.1972	960	8.8	10.5	1.095	2.5	0
15.12.1972	2180	6.4	9.2	0.721	2.8	0
16.12.1972	2140	-0.6	5.2	0.52	2.4	0
17.12.1972	3360	-0.4	6.5	0.572	1.1	0
18.12.1972	3210	-3.4	6.9	0.479	0.7	0
19.12.1972	1990	-2.8	2.5	0.572	2.3	0
20.12.1972	3060	-0.8	2.7	0.572	2	0
21.12.1972	3130	-2.3	1.2	0.437	2	0
22.12.1972	3100	-6.9	-1.9	0.384	1.6	0
23.12.1972	660	-4.8	-0.1	0.437	2.7	0
24.12.1972	1250	-3	0.7	0.52	2.2	0
25.12.1972	3060	-2.9	1.6	0.451	2.6	0
26.12.1972	1840	-3.1	4	0.451	4.1	0
27.12.1972	920	0.8	4.4	0.504	4.6	0
28.12.1972	2210	0.8	6.2	0.585	3.5	0
29.12.1972	2690	0.2	4.7	0.531	1.5	0
30.12.1972	3840	-9.7	2	0.251	1.7	0
31.12.1972	3500	-10.1	0.2	0.29	0.8	0
01.01.1973	3470	-9.4	1	0.345	1.4	0
02.01.1973	1330	-5.9	3.7	0.585	1.7	0
03.01.1973	1290	0.1	4.7	0.681	1.2	0.1
04.01.1973	1550	2.3	4.5	0.721	1.2	0
05.01.1973	2430	-0.2	3.9	0.572	1.3	0.3
06.01.1973	740	-0.4	4	0.758	1.3	0.2
07.01.1973	770	-0.5	3.1	0.615	0.7	0.2
08.01.1973	850	0	5	0.731	0.3	0.2
09.01.1973	1070	2.4	4.9	0.731	0.5	0.5
10.01.1973	1810	1.4	4.5	0.666	0.7	0
11.01.1973	1070	1.6	4.6	0.602	0.5	0
12.01.1973	740	2.1	3	0.615	1.7	0
13.01.1973	3870	-2.3	1.8	0.504	3.1	0
14.01.1973	2360	-2.1	6.2	0.602	2.9	0.8
15.01.1973	3100	1.6	9.4	0.758	4.3	0
16.01.1973	1330	3.4	4.9	0.706	1.7	0
17.01.1973	2090	-5.4	4.1	0.547	2	0
18.01.1973	2830	0.7	3.1	0.638	2.7	0
19.01.1973	1440	-0.9	0.5	0.52	2.1	0
20.01.1973	1350	-1	4.7	0.559	3.3	3.3
21.01.1973	2180	0	5.7	0.731	3.5	0
22.01.1973	2830	-0.8	6.2	0.585	3.1	1.9
23.01.1973	1260	-0.4	3.7	0.681	2.4	1.3
24.01.1973	2880	2	5.7	0.638	3.1	0
25.01.1973	5320	-1	4.3	0.493	3.1	0.8
26.01.1973	1390	-0.6	7.1	0.774	3.9	8.1
27.01.1973	1960	4.2	7.5	0.813	5.5	1.2
28.01.1973	4710	2.9	7.7	0.652	3.3	1
29.01.1973	2480	2.6	9.5	1.002	3.5	0.5
30.01.1973	2350	6.9	8.7	0.961	2.7	5.5
31.01.1973	4990	2.1	7.1	0.666	1.9	0
01.02.1973	3530	-0.5	5.3	0.585	1.3	0.6
02.02.1973	2610	-0.6	3.6	0.681	1	0
03.02.1973	1260	1	1.9	0.638	1.4	0
04.02.1973	2090	-2.4	-0.6	0.479	1.5	0
05.02.1973	870	-3.3	6.2	0.572	3	0.2
06.02.1973	1790	-0.6	8	0.854	5.3	1.2
07.02.1973	2220	6.2	8.9	0.91	5.8	2.5
08.02.1973	1050	6.9	7.4	0.922	5.3	7.5
09.02.1973	3620	6.2	7.7	0.885	4.7	1
10.02.1973	3400	0.7	5	0.706	4	3.1
11.02.1973	5530	-0.5	6	0.615	3.6	2.8
12.02.1973	780	1.2	7.4	0.842	6.7	18.7
13.02.1973	5190	-0.8	3.6	0.547	5.6	1.4
14.02.1973	5060	-0.1	4	0.547	5.5	0
15.02.1973	3920	-0.1	5.3	0.493	2.9	0
16.02.1973	7280	-2.2	4.8	0.479	1.3	0
17.02.1973	3660	-3.7	2.1	0.615	2.9	10.6
18.02.1973	1530	0.3	3.6	0.615	2.9	8.4
19.02.1973	2790	0.3	6.8	0.758	1.1	0.7
20.02.1973	1480	3.4	8.1	0.91	2	0.1
21.02.1973	1530	5.8	8.6	0.91	4	1.8
22.02.1973	2790	2.1	6.6	0.731	4.6	2
23.02.1973	5140	1.1	5.3	0.602	6	5.2
24.02.1973	9940	-2.1	4.7	0.531	3.2	0.6
25.02.1973	12380	-2.9	5.3	0.547	1	0
26.02.1973	7320	-5.7	6	0.547	1.1	0.8
27.02.1973	11030	-6.3	5.3	0.465	1	0
28.02.1973	5320	-3.2	4.4	0.465	2.8	0
01.03.1973	7320	-0.2	7.6	0.559	3.4	3.9
02.03.1973	6800	2	9.7	0.785	4	0.4
03.03.1973	2400	0.5	8.1	0.813	3.7	1.2
04.03.1973	3180	5.1	9.3	0.935	3	0
05.03.1973	8110	2.8	10.5	0.747	1.9	0.6
06.03.1973	8320	4.1	8.6	0.747	3.6	8.1
07.03.1973	11850	0.3	8.3	0.706	3.4	0.6
08.03.1973	10350	-1.5	11.1	0.758	2.1	0
09.03.1973	5910	2.3	8.8	0.813	1.6	0
10.03.1973	12320	-5.6	9.4	0.52	0.7	0.1
11.03.1973	6760	-2.3	8.7	0.721	2	0
12.03.1973	9360	-0.6	6.6	0.531	2.7	0
13.03.1973	11690	-1.1	6	0.615	2.5	0
14.03.1973	13520	-5.6	8.5	0.531	2.4	0
15.03.1973	13730	-0.2	10.5	0.652	2.4	0
16.03.1973	15140	-5.3	9.5	0.615	1.1	0.3
17.03.1973	3520	-1.5	7.9	0.774	2	0.5
18.03.1973	8100	3.8	10.8	0.866	4.1	1.6
19.03.1973	7810	1.6	7.3	0.731	2.3	0
20.03.1973	6830	-0.6	10.4	0.802	1.4	0
21.03.1973	5840	4.4	10.5	0.758	1.4	0
22.03.1973	14640	0.4	13.3	0.629	1.3	0
23.03.1973	15140	-2.3	15.7	0.652	0.7	0
24.03.1973	15210	-0.1	19.1	0.629	2.5	0.2
25.03.1973	5560	2.2	11.6	0.961	1.5	3.2
26.03.1973	12810	-0.6	12.6	0.831	1.3	0
27.03.1973	3940	0.4	8.2	0.731	1.1	0.9
28.03.1973	9430	2.4	10.7	0.866	1.1	2.2
29.03.1973	5630	3.6	9.5	0.854	1.2	0.3
30.03.1973	16190	-1.6	12.2	0.652	1.8	0
31.03.1973	18090	-1.7	11.1	0.813	2.1	0
01.04.1973	4580	1.5	9.7	0.802	5.3	15.7
02.04.1973	3030	5.2	9.7	0.774	9.1	15.8
03.04.1973	16470	1	7.2	0.504	5.8	0.7
04.04.1973	10210	-2.1	8.7	0.589	4	5.8
05.04.1973	3730	2	10.9	1.058	4.4	4.8
06.04.1973	7600	5.9	9.1	0.842	4.9	2.7
07.04.1973	13020	2.8	9	0.721	4.6	1.2
08.04.1973	14220	-1.1	7.6	0.629	1.6	1.1
09.04.1973	12180	-4.2	5.8	0.52	2.1	0.4
10.04.1973	20280	-4.6	8.1	0.479	2.8	1.4
11.04.1973	12530	2.6	8.2	0.721	5	2.5
12.04.1973	11690	0.8	6.6	0.696	3.5	2.3
13.04.1973	15770	-2.3	8.1	0.638	1.4	1
14.04.1973	11620	-4.1	9.1	0.706	0.9	0.6
15.04.1973	9860	2.7	11.3	0.885	2.9	0.2
16.04.1973	10490	6.3	12.6	0.988	2.6	0.1
17.04.1973	12740	3	10.6	0.813	4.4	0
18.04.1973	8380	4.1	9.1	0.758	4.1	8.1
19.04.1973	15210	1.2	9.7	0.774	5	1
20.04.1973	16190	0.6	10.3	0.721	1.8	1.2
21.04.1973	9290	0.5	8.4	0.758	1.9	3
22.04.1973	20840	1.9	12.8	0.666	2.5	0
23.04.1973	14290	1	11.6	0.721	2.2	0
24.04.1973	22390	5	14.1	0.774	3.4	0
25.04.1973	21890	2.5	13.9	0.52	2.7	0
26.04.1973	16260	0.8	13.4	0.758	1	0
27.04.1973	21750	3.1	15.8	0.842	2.4	0
28.04.1973	6340	0.2	12.2	0.785	1.1	6.1
29.04.1973	9790	6.7	13.1	1.044	1.8	0.9
30.04.1973	7600	-2.6	16.2	0.885	3.2	3.2
01.05.1973	4510	8	10	1.044	2.8	6
02.05.1973	8310	-0.7	9.9	0.813	2.2	0
03.05.1973	14290	6.9	18	1.044	2.3	6.7
04.05.1973	15630	8.7	18.5	1.431	2.6	0
05.05.1973	15490	5.5	21.5	1.489	4.3	0
06.05.1973	14080	8.1	14.7	0.866	4.7	5
07.05.1973	12950	8.4	13	1.016	2.2	0.9
08.05.1973	14010	5.4	13.2	0.866	2.4	3.6
09.05.1973	7960	6.4	14.4	1.133	2.6	1.6
10.05.1973	9790	8.7	12.1	1.03	4.4	2.2
11.05.1973	22460	4	13	0.758	3.5	0
12.05.1973	21540	2.2	15.1	0.975	3	0
13.05.1973	11050	6.4	13.8	0.948	3.6	2.4
14.05.1973	8520	6.8	11	0.885	1.3	3.5
15.05.1973	26540	-0.8	13.6	0.774	1.6	0
16.05.1973	27390	-1.3	14.5	0.721	2.4	0
17.05.1973	27810	5.2	17.7	0.585	4.8	0
18.05.1973	21330	8.5	19.2	0.813	3.5	0
19.05.1973	14290	7.7	20.4	0.897	2.6	3.4
20.05.1973	21120	12.3	21.2	1.489	2.2	0
21.05.1973	21400	12.2	22.5	1.422	1.8	0.9
22.05.1973	24360	10.2	20.3	1.431	2	0.1
23.05.1973	11050	13.3	17.8	1.148	3.2	6.3
24.05.1973	6550	10.9	15.3	1.228	3.7	0.3
25.05.1973	18440	10.1	18.7	1.188	1.4	0
26.05.1973	28090	3.2	20.8	1.27	1.6	0
27.05.1973	27670	9.3	22.4	1.262	2.6	0
28.05.1973	26190	11.2	23.8	1.058	3.3	3.7
29.05.1973	8940	12.3	18.1	1.367	1.8	6.1
30.05.1973	8100	11.4	16.4	1.322	2.8	3.3
31.05.1973	8030	11.8	19.3	1.376	1.6	1.4
01.06.1973	5140	12.7	14.5	1.349	1.9	13.6
02.06.1973	6480	9.3	15	1.204	2.8	1.7
03.06.1973	15490	6.8	18	1.125	2.2	0.3
04.06.1973	23870	6.8	18.2	1.22	1.8	0
05.06.1973	29570	2.4	17.6	0.935	2.2	0
06.06.1973	30410	2.3	19.6	0.885	2.4	0
07.06.1973	17740	5.7	18.4	0.988	2.2	0
08.06.1973	14500	11.3	19.5	1.27	2.1	0
09.06.1973	19430	8.3	22.4	1.403	2.1	0
10.06.1973	10280	13.5	17.8	1.46	3.3	0
11.06.1973	13450	11.7	17.5	1.376	1.7	0
12.06.1973	27880	5.4	23.2	1.262	1.7	0
13.06.1973	16400	12.3	18.8	1.376	2.9	0
14.06.1973	27880	3.9	17.1	0.813	1.9	0
15.06.1973	29080	2.4	21	0.935	1.4	0
16.06.1973	30060	5.8	22.6	1.22	1.9	0
17.06.1973	15070	12.4	24.8	1.538	2.3	0
18.06.1973	25130	10.6	22.5	1.46	1.6	0
19.06.1973	26190	6.9	25.4	1.431	1.5	0
20.06.1973	19850	15.9	26.5	1.46	3.5	0
21.06.1973	17740	14.8	23.4	1.569	1.9	0
22.06.1973	29780	12.1	23.2	0.935	3.5	0
23.06.1973	25340	12.3	24.1	1.125	3.2	0
24.06.1973	21960	10.3	25.8	1.27	2.2	0
25.06.1973	24990	8.5	25.9	1.403	1.2	0
26.06.1973	25130	13	28.8	1.796	1.4	0
27.06.1973	23160	18.4	29.5	1.808	1.7	0.4
28.06.1973	13590	18.2	23.7	1.891	3.3	12.2
29.06.1973	21120	13.8	22.7	1.589	3.7	0
30.06.1973	29080	9.8	24.3	1.34	1.3	0
01.07.1973	26050	9	29	1.528	1.4	0
02.07.1973	26400	18.4	31.1	1.774	2.7	0
03.07.1973	29000	12.9	24.5	1.62	2.2	0.1
04.07.1973	24780	9.6	27	1.74	1	0
05.07.1973	23510	13.6	31	2.027	1.9	0.1
06.07.1973	13310	17.8	26.1	2.002	1.6	0.3
07.07.1973	8380	15.8	21	1.685	2.8	0.3
08.07.1973	27100	13.9	20.6	1.61	2.5	0
09.07.1973	26750	5	21	0.975	1.4	0
10.07.1973	26820	7.6	23.6	1.095	1.2	1.2
11.07.1973	6050	14.8	20.1	1.674	2	5.6
12.07.1973	13020	13.7	20.4	1.685	2.3	1.2
13.07.1973	13380	14.2	21	1.518	0.9	0
14.07.1973	19010	12.6	24	1.528	2.7	0
15.07.1973	6690	18	19	1.685	2.9	8.5
16.07.1973	20560	13.6	22.9	1.569	2.4	5.7
17.07.1973	17390	12.4	19.7	1.322	3	1.4
18.07.1973	13940	11.6	19.3	1.589	2.8	0
19.07.1973	11190	12.9	20.6	1.349	3.4	0.7
20.07.1973	12250	13.8	20.6	1.469	3.7	5.8
21.07.1973	7150	13.1	18.1	1.46	3.2	5.3
22.07.1973	14200	11.5	19	1.422	4.2	4.5
23.07.1973	18550	10.8	18	1.245	3.1	0.7
24.07.1973	13310	9.4	19.6	1.245	2.5	0
25.07.1973	13450	6.2	18.9	1.287	2.5	3
26.07.1973	7430	13.2	16.7	1.489	4.9	0.4
27.07.1973	5880	12.4	17.9	1.228	3.8	5.8
28.07.1973	17060	14.2	22.3	1.685	2.2	0
29.07.1973	15860	14.7	19.2	1.579	2.8	0
30.07.1973	7890	14.3	18.3	1.499	1.2	0
31.07.1973	18090	11.4	21.8	1.403	1.9	0
01.08.1973	15890	11.6	26.8	1.569	1.8	5.5
02.08.1973	16890	13.7	26.2	1.717	0.9	6.6
03.08.1973	13280	10.3	20.1	1.796	1.9	2.5
04.08.1973	8640	15.7	20.2	1.62	2.2	4.4
05.08.1973	3010	12.6	22.2	1.579	4.2	0
06.08.1973	18830	15.1	28.5	1.927	4.7	3.6
07.08.1973	16920	12.7	19.6	1.367	5.2	3.3
08.08.1973	19540	11.6	19.2	1.45	3.3	0.3
09.08.1973	18800	8.7	21.4	1.11	1.7	0
10.08.1973	22510	11.2	26	1.45	1.6	0
11.08.1973	19080	14.8	26.4	1.685	1.6	0
12.08.1973	21700	12.9	25.6	1.46	2.4	0
13.08.1973	23930	12.6	27.5	1.367	2.4	0
14.08.1973	23930	16.9	28.5	1.296	3.3	0
15.08.1973	22940	16.8	28.5	1.164	3	0
16.08.1973	22510	17.3	30.5	1.431	2.8	0
17.08.1973	14200	15.9	28.7	1.751	1.4	0
18.08.1973	14160	16.6	23.6	1.589	1.7	0
19.08.1973	9880	13.3	23.7	1.45	0.9	0
20.08.1973	9880	11.8	22.8	1.867	1.5	0
21.08.1973	14970	13.9	20.7	1.188	2.6	0
22.08.1973	23680	1.9	20.2	0.813	2	0
23.08.1973	21560	8.8	24.5	0.91	2.2	0
24.08.1973	16530	5.8	22.2	1.164	1.4	0
25.08.1973	19120	6.2	22.8	1.287	1.7	0
26.08.1973	21820	7	23.7	1.27	1.7	0
27.08.1973	17100	7	26.8	1.422	1.1	0
28.08.1973	7260	15.3	22.6	1.61	1.8	0
29.08.1973	13560	7.4	21.5	1.518	1	12.3
30.08.1973	4250	13.6	18	1.558	2.3	11.4
31.08.1973	15470	8.3	18.5	1.313	2.7	0.1
01.09.1973	11330	14.3	20.7	1.558	4.2	0.5
02.09.1973	3650	15.4	19	1.74	2.3	2.4
03.09.1973	9030	15	22.9	1.717	3.1	0
04.09.1973	16710	12.2	26.4	1.729	0.9	0
05.09.1973	14160	11.4	29.2	1.915	0.7	0
06.09.1973	5810	15.5	20.1	1.82	1.5	0.1
07.09.1973	13130	13	23.6	1.61	0.9	0
08.09.1973	17200	8.4	25.8	1.796	1.1	0.1
09.09.1973	8460	11.3	20.1	1.652	1.6	0
10.09.1973	14230	10.9	18	0.988	1.9	0
11.09.1973	8570	5.2	17.6	1.204	0.7	0
12.09.1973	13420	2.1	18.3	1.204	1	0
13.09.1973	11080	6.5	19.4	1.313	1.4	0
14.09.1973	17490	2.7	22.1	0.922	1.7	0
15.09.1973	16670	7.3	25.4	0.922	2.7	4.3
16.09.1973	12210	13.9	23.3	1.528	2.2	0.6
17.09.1973	12640	13.1	24.6	1.751	1.9	0.8
18.09.1973	8670	14.3	21	1.558	1.7	8.2
19.09.1973	4600	12.5	17.3	1.403	4.7	4.2
20.09.1973	11040	11.7	19	1.45	2.1	5.6
21.09.1973	3260	13.5	16.7	1.685	4.3	21.2
22.09.1973	8530	10.7	15.3	1.125	3.3	0
23.09.1973	7120	6.9	14.3	1.08	1.5	0.2
24.09.1973	10410	4	14.5	0.975	1.3	0.5
25.09.1973	8250	7.3	16.6	1.27	2.4	0
26.09.1973	8640	4.2	16.4	1.133	1	5.8
27.09.1973	11010	9.1	17.6	1.422	2.1	2.4
28.09.1973	6800	11.3	17.6	1.313	4.9	2.8
29.09.1973	5350	10	12.2	1.03	3.9	3.5
30.09.1973	3330	7.9	12.1	1.11	3.7	0
01.10.1973	12340	3.3	15.2	1.11	1.1	0
02.10.1973	13950	1.3	16.7	1.073	0.9	0
03.10.1973	7010	8.1	17.6	1.46	2.4	0
04.10.1973	12070	9.7	19.3	1.148	1.9	0
05.10.1973	11290	7	21.6	1.133	1	0.1
06.10.1973	10970	3.9	20.6	1.044	0.8	0.1
07.10.1973	2180	8.1	14.9	1.431	1.4	0.5
08.10.1973	3700	11.8	15.1	1.367	1	0
09.10.1973	3200	11.7	15.2	1.164	3.8	9
10.10.1973	5060	10.1	15.4	1.322	2.9	9.9
11.10.1973	6940	5.8	9.9	0.842	1.9	2.4
12.10.1973	9910	-2	8.8	0.721	1.9	0
13.10.1973	8580	2.4	8.1	0.547	2.8	0
14.10.1973	5150	0.6	8.7	0.638	1.2	4
15.10.1973	4990	3	11.4	0.961	1.5	4.1
16.10.1973	1470	7.5	10.5	1.148	1.7	7.5
17.10.1973	5520	0.3	10.9	0.785	1.9	7.3
18.10.1973	5260	0.5	8.4	0.666	3.1	5.6
19.10.1973	1680	2.2	10.6	0.842	5.1	16.5
20.10.1973	5040	6.7	12.7	1.03	1.9	12.7
21.10.1973	3290	7.7	12.6	1.073	4.9	2.2
22.10.1973	6070	0	11.1	0.774	2.3	2.5
23.10.1973	5650	5.9	12.1	1.03	3.4	1.1
24.10.1973	8320	-0.4	12.5	0.638	0.9	0
25.10.1973	6970	1	12.1	0.802	1	0
26.10.1973	7750	3.1	12.6	0.785	1.1	0
27.10.1973	8500	2.6	14.1	0.802	1.9	0
28.10.1973	5080	1.1	11	0.629	1.5	0
29.10.1973	7750	2.5	12.1	0.975	0.8	0
30.10.1973	2460	3.2	12.4	0.975	1.1	0.1
31.10.1973	5730	7.9	12.6	1.11	2.4	0
01.11.1973	6550	3.6	9.6	0.638	3.2	0
02.11.1973	1980	1.1	8.5	0.681	1.3	0
03.11.1973	6760	2.8	13.1	0.91	2.4	0
04.11.1973	5750	3.6	13.1	0.774	2.5	2
05.11.1973	3130	4.4	14.5	1.204	4.1	11.4
06.11.1973	2730	1.7	6.6	0.731	3.6	4.9
07.11.1973	2730	2.8	10.1	0.802	3.8	0.2
08.11.1973	2600	6.5	13	1.125	4.2	0
09.11.1973	2190	9.7	11.5	1.002	5	0.9
10.11.1973	940	8.8	9.5	1.08	5.1	5.8
11.11.1973	5290	5.6	9.6	0.831	3.9	1.5
12.11.1973	2760	2.9	11.8	0.706	5.6	9.8
13.11.1973	3820	4.3	9.6	0.706	7.6	7.6
14.11.1973	3190	4.7	8.4	0.774	3	5.9
15.11.1973	4350	3.2	9.7	0.897	4.8	1.8
16.11.1973	3730	3.1	9.5	0.813	5.6	1.6
17.11.1973	4070	1.5	6.6	0.602	2.7	0
18.11.1973	4760	-0.7	7.6	0.547	1.7	0
19.11.1973	2690	-0.5	10.1	0.91	6.1	0.3
20.11.1973	4850	2.2	9.1	0.652	2.1	0
21.11.1973	4760	-1	7.7	0.559	0.6	0
22.11.1973	3350	-3.7	6.4	0.547	0.7	0.2
23.11.1973	800	-1.7	10.6	0.91	2.7	0.2
24.11.1973	1030	6.4	11.1	1.18	8	3.6
25.11.1973	3530	0.7	5.6	0.638	3.7	3
26.11.1973	1770	0	2.5	0.547	3.4	10
27.11.1973	2900	-2.6	2.1	0.559	3.3	2.7
28.11.1973	4340	-3.4	1.8	0.52	2.9	3.4
29.11.1973	4970	-3.9	1.7	0.437	1.4	1.8
30.11.1973	2090	-7.5	0.6	0.531	1.7	1
01.12.1973	2920	-15.8	-3	0.157	0.7	3.2
02.12.1973	5730	-21.7	-0.4	0.119	0.7	0.3
03.12.1973	710	-17.9	8.3	0.52	5	1.5
04.12.1973	2040	-0.6	8.5	0.935	4.3	1.7
05.12.1973	900	5.8	8.2	0.91	2.5	1.1
06.12.1973	1950	6.4	8.7	0.961	6.9	4.6
07.12.1973	3130	1.9	10.4	0.559	3.4	14.4
08.12.1973	810	2.5	6.7	0.831	5.1	1.1
09.12.1973	4870	-3	2.6	0.479	0.6	0
10.12.1973	4020	-5	0.6	0.384	2.5	0
11.12.1973	420	-4.4	2.6	0.479	4.2	6.3
12.12.1973	1520	0.6	7.6	0.681	4.2	5.7
13.12.1973	1240	2.2	7.5	0.747	7.4	5.1
14.12.1973	1010	1.9	3.5	0.731	5.8	4.7
15.12.1973	3610	0	4.1	0.547	3.7	1.3
16.12.1973	350	1.2	6.7	0.721	6.2	5.8
17.12.1973	2410	2.8	5	0.629	5.7	0.2
18.12.1973	3420	-0.1	3.8	0.585	2.9	0
19.12.1973	3580	0	3.9	0.531	3.5	0
20.12.1973	1520	-0.2	5.9	0.531	3.7	0
21.12.1973	2340	1.1	6.5	0.547	2.4	0.1
22.12.1973	1100	1.4	7.9	0.813	3.6	0
23.12.1973	1770	2.9	6.7	0.721	2.2	3.6
24.12.1973	730	3.4	5.6	0.866	1.4	0
25.12.1973	1270	4	5.3	0.652	1.8	0
26.12.1973	890	0.6	5.5	0.681	2.5	1
27.12.1973	440	2.8	7.3	0.866	3.4	1.1
28.12.1973	510	5.5	7.4	0.948	3	0.1
29.12.1973	780	4.6	4.7	0.758	2.7	0
30.12.1973	760	-1.5	2.3	0.547	2.4	0.2
31.12.1973	2120	-1.3	-0.2	0.531	0.7	0
01.01.1974	1060	-2.5	-0.2	0.5	2.1	0
02.01.1974	1780	-3.1	0.4	0.45	2.6	0
03.01.1974	2290	-0.6	3.5	0.53	3.6	0.3
04.01.1974	1820	-0.3	5.2	0.56	3.4	0.5
05.01.1974	2290	2.3	7	0.59	3.9	1
06.01.1974	2950	3.4	10	0.74	2.8	0
07.01.1974	540	3.6	7.1	0.75	3.7	10.4
08.01.1974	3150	1.6	6.3	0.63	3.9	1.8
09.01.1974	2890	0.8	6.5	0.59	2.9	5.2
10.01.1974	730	3.1	4.9	0.71	2.8	3.8
11.01.1974	2280	4.9	10.6	0.79	5.4	4.3
12.01.1974	2220	4.9	11.9	0.81	3.5	0
13.01.1974	2230	6.4	11.6	0.85	4	1.2
14.01.1974	1280	4.9	10.4	0.89	3.7	0.7
15.01.1974	530	5.6	12.3	0.86	6.1	2.3
16.01.1974	840	4.1	11.7	0.78	5.2	8.1
17.01.1974	2460	4.3	8.1	0.72	8.3	3.6
18.01.1974	910	7.9	9.9	0.97	5.4	0.2
19.01.1974	1460	7	9.1	0.86	4.8	0
20.01.1974	1870	5.1	7.3	0.69	1.8	0
21.01.1974	1610	0	5.1	0.61	1.4	0
22.01.1974	580	1	4.3	0.64	2.4	1
23.01.1974	1860	4.5	9.4	0.83	3.2	3.6
24.01.1974	1390	4.6	7.9	0.82	3.6	0.1
25.01.1974	2420	3.9	8.2	0.82	2.2	0
26.01.1974	4880	1.8	6.6	0.64	3.4	0.4
27.01.1974	3190	1.7	7.8	0.65	3.8	0.2
28.01.1974	1440	2.8	8.3	0.69	4.6	8.3
29.01.1974	2650	1.6	8.4	0.69	3.1	1.4
30.01.1974	4930	1.4	8.1	0.63	4.5	0.9
31.01.1974	2550	3.5	9.5	0.79	2.9	0.6
01.02.1974	2470	3.1	10	0.75	3.8	0
02.02.1974	5850	3	9.3	0.68	4.3	0
03.02.1974	6960	-0.3	9.3	0.66	1.2	0
04.02.1974	5860	-1.4	7	0.57	3	0.3
05.02.1974	2360	2.5	5.9	0.74	3.5	4.6
06.02.1974	2070	1	4.6	0.66	3	2.8
07.02.1974	5930	0.8	6.3	0.63	2.3	0.3
08.02.1974	4160	0.9	10.1	0.73	4.4	12.5
09.02.1974	1420	7.7	11.6	0.96	8.1	4.8
10.02.1974	4740	7.6	13.3	0.9	6.2	0.2
11.02.1974	1880	10	13.4	0.88	7.8	0.9
12.02.1974	5720	3.1	10.4	0.71	0	0.8
13.02.1974	7740	2.1	10.9	0.76	2.7	0
14.02.1974	2380	2.5	6.8	0.71	3.3	0.2
15.02.1974	3730	3	8.7	0.62	4.8	0
16.02.1974	7510	3.5	11.9	0.82	2.8	0
17.02.1974	8740	0.2	11.9	0.77	1.4	0
18.02.1974	3700	4	8	0.73	2.2	0
19.02.1974	1480	2.5	4.5	0.64	3.7	0
20.02.1974	9800	-2.9	5.8	0.5	1.3	0
21.02.1974	1310	0.4	4.7	0.68	2.5	0.2
22.02.1974	1470	3	7.7	0.82	2.7	3.5
23.02.1974	8450	-1.3	8.5	0.66	2.6	0
24.02.1974	11300	-3.8	8.6	0.56	1.2	0
25.02.1974	11210	-5.6	6.3	0.49	1.3	0
26.02.1974	7040	-1.9	6.4	0.47	2.4	0
27.02.1974	5830	-1.1	4.1	0.41	3.2	0
28.02.1974	8910	-0.9	6.5	0.55	2	0
01.03.1974	6630	-1.1	5	0.54	3.6	5.1
02.03.1974	2810	0	3.4	0.65	2.6	8.7
03.03.1974	8880	-3.6	7.4	0.56	1.1	0
04.03.1974	3480	-4.4	3.9	0.51	1.8	0
05.03.1974	1020	-0.1	2.1	0.62	1.4	4.5
06.03.1974	9220	-2.1	8.4	0.7	1	0.1
07.03.1974	2590	0.9	3.8	0.58	1.7	0
08.03.1974	6760	-1.1	3.3	0.49	3.2	0
09.03.1974	5650	0.3	4.1	0.45	4.7	0
10.03.1974	10890	1	8	0.51	5	0
11.03.1974	6740	1.2	8.7	0.63	3.6	1.8
12.03.1974	3420	0.9	7.5	0.74	1.9	1.8
13.03.1974	8920	-1.3	8.6	0.71	0.6	0.9
14.03.1974	2850	0.2	5.2	0.68	1.2	6.4
15.03.1974	7520	-1.1	7.8	0.63	3.8	7.4
16.03.1974	3710	4.6	9.8	0.83	5.9	2.4
17.03.1974	9600	5.6	10.3	0.83	4.7	4.8
18.03.1974	5060	4.3	12.3	0.91	4.6	3.6
19.03.1974	9540	2.5	11.3	0.8	2.7	0
20.03.1974	4070	5.2	10	0.92	1.7	6.8
21.03.1974	14360	-0.3	12.9	0.86	1	0
22.03.1974	7570	-0.9	10.2	0.67	3	0
23.03.1974	11300	5.6	12.1	0.81	4.1	0
24.03.1974	7490	5.7	11.8	0.83	3	0.8
25.03.1974	14340	4.9	18	1.04	1.9	0
26.03.1974	13690	1.6	17.1	0.97	1.5	0
27.03.1974	9520	1.4	16.3	1.06	0.7	0
28.03.1974	11230	2.9	17.6	1.07	0.7	0
29.03.1974	6590	3.9	13.9	1.06	0.7	0.3
30.03.1974	13150	0.4	15.8	1.01	1.5	0
31.03.1974	16090	-1.6	15.8	0.81	1.9	0.1
01.04.1974	13950	0.8	16.2	0.97	2	0
02.04.1974	14390	5.7	18.9	1.06	2.3	0
03.04.1974	14320	9.6	19.5	0.92	2.7	0
04.04.1974	16030	7.5	18.6	0.91	3.1	0
05.04.1974	18210	5.3	16.1	0.73	3.4	0
06.04.1974	18370	6.3	17.3	0.77	3.7	0
07.04.1974	19400	6.2	19.1	0.97	2.8	0
08.04.1974	20680	5.1	19	0.86	2.3	0
09.04.1974	20380	-1	19.4	0.87	1.3	0
10.04.1974	18570	1	21.8	0.95	1.3	0
11.04.1974	16380	4.5	20.3	1.16	1.2	0
12.04.1974	12510	3.5	12.4	0.89	2.6	0
13.04.1974	21080	1	12.1	0.55	3.6	0
14.04.1974	22350	-2.3	12	0.57	2.8	0
15.04.1974	17460	-1.4	13.3	0.79	3.5	0
16.04.1974	19900	-1	13.6	0.73	2.5	0
17.04.1974	16920	-0.1	13.6	0.72	2	0
18.04.1974	18260	0.3	13.4	0.77	2.5	0
19.04.1974	22120	-3	15.4	0.65	1.4	0
20.04.1974	14730	-0.9	10.5	0.65	2.6	0
21.04.1974	6420	2.9	9.1	0.71	1.6	0
22.04.1974	21950	-2.1	13.1	0.83	2	0
23.04.1974	14350	-3	10.3	0.73	2.4	1.8
24.04.1974	15190	0.8	13	0.8	2.4	2.7
25.04.1974	16620	-0.4	12.4	0.61	2.8	0
26.04.1974	21630	1.7	11.3	0.51	3.2	0
27.04.1974	13510	0.8	11.1	0.59	3.5	1.1
28.04.1974	15150	4.9	14.1	0.99	2.2	0
29.04.1974	4860	2	12.5	1.01	1.2	3.8
30.04.1974	2800	7.6	10.4	1.05	2.9	0.1
01.05.1974	19050	5.9	15.3	0.9	2.9	0
02.05.1974	17390	1.9	13.4	0.8	2.2	0
03.05.1974	15640	5.2	16.4	0.93	2.7	0.5
04.05.1974	8920	9.2	17.1	0.91	2.2	0
05.05.1974	3820	3.7	7.9	0.7	3.1	0.1
06.05.1974	11170	0.8	8.4	0.66	2.5	0.3
07.05.1974	8200	1.5	8.2	0.67	0.7	0
08.05.1974	8750	6	11.4	0.82	0.8	0
09.05.1974	17730	3.6	15.5	0.8	2	0
10.05.1974	6280	8.2	13.7	1.13	2.6	3.1
11.05.1974	19540	6	16.9	1.08	2.3	0.5
12.05.1974	22180	5.5	20	0.94	2.4	0
13.05.1974	15790	11	20.6	1.26	3	29.5
14.05.1974	9670	9.1	14.4	1.11	4.7	0
15.05.1974	14230	5.6	15.5	1.16	2.1	0
16.05.1974	27470	6.7	19.1	0.8	3.2	0
17.05.1974	27730	10.4	20.6	0.73	3.1	0
18.05.1974	24420	12	23.4	1.22	3	0
19.05.1974	23730	10.6	24.3	1.59	2.6	0
20.05.1974	15740	9.4	21	1.37	1.2	0
21.05.1974	14590	9	19.6	1.23	2	3.8
22.05.1974	19490	6.8	15.6	0.98	4.6	0
23.05.1974	12840	8.1	12.9	1.06	1.4	0.1
24.05.1974	20960	6.2	17.9	0.89	2.7	1.6
25.05.1974	12410	8.4	14.1	1.03	2.5	0
26.05.1974	16630	6.7	15.8	1	1.8	0
27.05.1974	23890	4.4	20	1.19	1.8	0
28.05.1974	20680	9.1	18.8	1.2	3.8	5
29.05.1974	25000	2.2	15.6	0.87	3.3	0
30.05.1974	28350	-0.6	16.5	0.7	2.3	6.5
31.05.1974	7440	7.1	13	1.03	2.2	0.1
01.06.1974	22900	6.9	17.8	1.04	2.5	0
02.06.1974	18680	9.5	23.3	1.51	3.6	2.8
03.06.1974	10570	6.4	17.6	1.31	1.9	3.2
04.06.1974	24200	4.4	18.5	1.09	1.8	0
05.06.1974	26050	0.7	22.4	0.98	1.9	0
06.06.1974	14390	8.5	16	1.11	4.9	1.4
07.06.1974	24860	8.1	16.6	0.96	4.8	0
08.06.1974	6150	8	12	1.15	2.7	28.7
09.06.1974	22970	5.9	15.9	1.07	2.2	3.2
10.06.1974	15930	5.1	13.8	0.98	1.4	9.8
11.06.1974	15700	5.7	15.3	1.02	4.2	0.5
12.06.1974	20330	7.3	16.5	1.11	3.2	0
13.06.1974	25740	4.5	21.1	1.28	2.8	0
14.06.1974	24130	11.7	25.9	1.67	2	0
15.06.1974	22750	13.7	24.3	2.05	2.4	0
16.06.1974	24370	14.3	25.5	1.88	1.1	0
17.06.1974	19410	14.9	25.6	1.81	1.7	0.8
18.06.1974	22190	10.5	19.7	1.31	3.7	0
19.06.1974	22790	9.7	19.3	1.25	2.6	0
20.06.1974	16120	9.3	21.8	1.52	1.1	0
21.06.1974	28100	7.1	20.7	1.27	2	0
22.06.1974	19160	11.6	20.6	1.56	2	0
23.06.1974	19900	10.4	24.3	1.81	1.7	8.6
24.06.1974	24670	10.8	24.6	1.47	1.9	0
25.06.1974	26850	10.3	26	1.59	1.5	0
26.06.1974	10520	12	20.3	1.71	1.1	0.9
27.06.1974	5360	11.7	15	1.49	1.6	5.2
28.06.1974	16050	10.7	18.8	1.28	1.5	0
29.06.1974	16110	12.3	21.2	1.73	1.3	4.2
30.06.1974	11980	10.7	18.3	1.58	1.6	2.4
01.07.1974	9430	12.8	18	1.44	5.6	0.7
02.07.1974	25350	10.2	20.6	1.26	2.6	14.9
03.07.1974	10330	9.1	17.7	1.43	4.9	2.4
04.07.1974	11840	9	16.5	1.38	4.2	17.1
05.07.1974	5220	13.5	18.3	1.7	4.3	0.7
06.07.1974	19560	10.6	17.7	1.26	4.8	0
07.07.1974	21400	10.1	18.5	1.28	2.5	0
08.07.1974	17140	11.8	21.5	1.76	2	0
09.07.1974	18590	12.2	20.5	1.56	3.7	0
10.07.1974	19870	11.8	20.5	1.44	3.7	0.2
11.07.1974	18030	13	19.5	1.4	4.3	0
12.07.1974	18060	10.7	20.1	1.38	3	2.4
13.07.1974	5980	12.6	18.6	1.64	1.5	5.4
14.07.1974	15070	11.3	18.7	1.45	3.3	1.7
15.07.1974	14430	10.6	19.4	1.25	3.7	0.3
16.07.1974	10930	12	18.7	1.44	3.2	0.6
17.07.1974	9250	8.6	16.6	1.3	2.3	4.7
18.07.1974	19070	4.6	18	1.14	1.5	0
19.07.1974	16540	4.6	19.5	1.21	1.7	0.9
20.07.1974	11710	12.6	20.9	1.68	3.2	0
21.07.1974	22850	9.4	20.2	1.31	2.3	0
22.07.1974	23780	10.6	22.3	1.49	3.5	7.7
23.07.1974	13170	10.1	20.1	1.49	2.9	1.8
24.07.1974	4150	8.1	15.4	1.3	2	0.1
25.07.1974	19280	8	18.7	1.17	2.9	0.1
26.07.1974	6960	10.1	17	1.43	2.7	1.3
27.07.1974	12480	13.1	20.2	1.6	3.2	0
28.07.1974	11670	11.9	21.1	1.56	3.4	0
29.07.1974	22220	12.5	21.1	1.35	3.3	0
30.07.1974	11520	12.9	19.9	1.59	2.7	0
31.07.1974	15470	15.7	22	1.73	4.1	0
01.08.1974	12230	11.7	21.6	1.64	3.1	0.1
02.08.1974	11900	8.4	20.2	1.44	1.1	0.1
03.08.1974	15880	4.8	20.4	1.13	1.8	3.9
04.08.1974	10520	13.2	23.4	2	2	4.8
05.08.1974	9630	6.5	19.1	1.38	1.9	0.1
06.08.1974	21130	4.1	20.1	1.2	0.5	0
07.08.1974	23600	5.6	23.1	1.06	3	0
08.08.1974	12950	12.9	21	1.57	3.4	7.6
09.08.1974	10710	14.2	19.5	1.66	2.8	16.2
10.08.1974	12260	11.1	19.6	1.56	3.6	6
11.08.1974	7120	10.2	16.5	1.48	3	11
12.08.1974	4920	10.2	16.5	1.49	2.9	14.2
13.08.1974	12810	14	20.6	1.65	1.8	0.5
14.08.1974	21160	13.7	27.3	1.86	1.1	0
15.08.1974	21880	14.8	27	2.2	1.9	0
16.08.1974	16950	15	26.5	1.98	1.6	1.7
17.08.1974	19590	9.4	21.8	1.48	2.4	0
18.08.1974	16380	9.9	22	1.52	1	2.3
19.08.1974	22550	11.2	20.4	1.21	2.5	0
20.08.1974	21910	10	20.8	1.21	2	0
21.08.1974	22720	5.4	21.5	1.22	1.5	0
22.08.1974	15140	6.4	22.2	1.37	0.9	0
23.08.1974	18810	6.5	23.5	1.59	0.6	0
24.08.1974	18510	11.6	22.4	1.83	1.4	0
25.08.1974	18040	10.1	24	1.62	1.7	0
26.08.1974	15840	13	26.3	1.9	2.3	9.6
27.08.1974	16830	8.4	17.8	1.33	3	0
28.08.1974	19630	6.5	21.1	1.36	0.7	0
29.08.1974	13070	6.7	21.9	1.49	1.3	0
30.08.1974	18050	10.3	26.9	1.86	1.8	0
31.08.1974	9130	10	21.1	1.66	2.2	1.6
01.09.1974	8560	10.7	18.9	1.51	3.5	4.4
02.09.1974	12670	9.4	21.1	1.57	3.8	6.1
03.09.1974	14690	11.5	18.8	1.27	5.1	0
04.09.1974	9180	10.5	17.1	1.46	4.9	20.3
05.09.1974	5020	13.2	20.2	1.68	5.2	16.5
06.09.1974	11920	12	17.8	1.42	4.4	2.1
07.09.1974	7410	10.2	16.3	1.22	6.2	1.5
08.09.1974	13980	11.6	17.3	1.26	5.2	0.7
09.09.1974	3950	10.7	13.5	1.29	1.7	10.6
10.09.1974	15490	8	18.5	1.37	1.7	0
11.09.1974	15590	4.6	20.6	1.11	2.4	0
12.09.1974	11670	12	23.8	1.72	1.3	2.5
13.09.1974	7750	13.6	20.5	1.76	2.5	1.2
14.09.1974	8310	7.9	19.5	1.46	1.3	0
15.09.1974	8700	7.5	23	1.65	0.9	0.7
16.09.1974	9970	11.7	23	1.83	0.7	0.1
17.09.1974	8710	14.5	19.8	1.76	0.8	4.3
18.09.1974	13130	4.4	17.3	1.05	1.5	0
19.09.1974	13830	2.4	7	0.68	0.5	0
20.09.1974	10980	6.6	16.9	1.14	1.4	0
21.09.1974	7160	5.4	14.8	1.05	2.9	6.6
22.09.1974	11570	8.9	14.5	1.11	3.9	4
23.09.1974	3390	8.7	11.7	1.09	5.1	10.9
24.09.1974	6120	7	13.8	1.11	5	7.6
25.09.1974	2510	5.9	10	0.99	3.8	8.2
26.09.1974	10140	5.9	13.7	1.07	2.7	4.7
27.09.1974	1960	6.5	15.2	1.2	4.8	9.4
28.09.1974	6700	4.9	12.8	0.9	4.3	0.6
29.09.1974	9770	4.1	12.4	0.95	2.2	1.9
30.09.1974	9570	2.4	12.7	0.92	1.4	3.3
01.10.1974	9660	1.1	11.5	0.85	1	0.4
02.10.1974	10830	-1	11.9	0.79	0.9	0.1
03.10.1974	12070	-2.5	12.2	0.75	1.3	5.6
04.10.1974	1900	6.1	9.6	0.96	5.4	1.4
05.10.1974	5500	7.9	12.4	1.08	3.5	3.8
06.10.1974	7830	7.2	12.7	0.99	3.9	8.3
07.10.1974	5950	6.3	10.5	0.94	2.4	4.9
08.10.1974	3300	3.6	8.4	0.85	1.8	0
09.10.1974	7850	3	13.1	0.96	1.7	2.6
10.10.1974	9700	3.1	12.2	0.9	2.1	0.1
11.10.1974	8260	1.4	11.8	0.87	0.7	0.3
12.10.1974	7220	4.3	11.6	0.89	1.6	2.9
13.10.1974	6270	1.8	10.6	0.82	0.9	0.5
14.10.1974	6090	-1.6	10.3	0.73	1	0.3
15.10.1974	4200	3.7	9.9	0.9	0.4	0
16.10.1974	5640	1.1	9.3	0.8	1.2	0.4
17.10.1974	7900	0.1	10.5	0.77	0.7	0
18.10.1974	6960	1.5	10.4	0.78	3.2	13.8
19.10.1974	7990	5.5	11.6	0.85	4.2	0.3
20.10.1974	4530	2.1	9.3	0.81	0.8	1.7
21.10.1974	6200	2.1	10.6	0.86	1.4	0.5
22.10.1974	2580	2.6	9.8	0.85	3.5	21.5
23.10.1974	2990	9.1	11.9	1.05	2.8	0
24.10.1974	3200	8.3	10.7	0.98	2.5	1.1
25.10.1974	2750	7.1	10.8	0.91	4.1	4.6
26.10.1974	6050	6.3	9.2	0.82	3.2	3.5
27.10.1974	3600	6.3	10.7	0.8	6.4	24.5
28.10.1974	3740	3.4	8.8	0.78	4.7	10.5
29.10.1974	6690	2.5	8.3	0.74	2.6	0.2
30.10.1974	4520	-1.5	7.4	0.66	1.3	0.5
31.10.1974	4150	-2.7	4	0.6	0.8	0.1
01.11.1974	4100	0	7.2	0.71	1.5	0.1
02.11.1974	3240	0.6	9.9	0.71	1.6	0.8
03.11.1974	1830	1.2	7.5	0.73	2.2	8.7
04.11.1974	1530	0.7	7.3	0.68	1.7	0.3
05.11.1974	4350	-1.5	7.1	0.55	1	0
06.11.1974	6430	-1	7.5	0.58	1.1	0
07.11.1974	4630	0.7	7.6	0.64	1.4	0
08.11.1974	2780	-0.4	6.3	0.6	3.3	2.4
09.11.1974	1090	5.4	11.8	0.97	4.4	2.8
10.11.1974	3680	5.1	11.7	0.83	4	0
11.11.1974	2650	6.6	10.4	0.77	6.3	6.1
12.11.1974	3000	4.2	8.3	0.76	4.4	2.5
13.11.1974	4780	3.4	9.5	0.7	4.5	0
14.11.1974	1010	9.4	14.3	0.83	5.9	1.5
15.11.1974	1390	10	13.6	1.11	4.2	14.7
16.11.1974	1580	5.4	12	0.91	4.2	4.5
17.11.1974	2210	6	10.5	0.89	2.4	0
18.11.1974	1610	6.6	11	0.83	3.5	1.5
19.11.1974	1620	3.5	7	0.71	3.8	0.6
20.11.1974	2580	1.8	7.3	0.69	1.9	1.2
21.11.1974	2100	5.5	9	0.83	2.7	2.1
22.11.1974	700	7.2	11.5	0.98	4.8	12.6
23.11.1974	1670	8.1	11	0.97	2.4	2.5
24.11.1974	4080	6.6	9.3	0.87	3.6	2.8
25.11.1974	670	4.6	8	0.69	6.5	4.2
26.11.1974	3280	3.4	7.5	0.69	4.4	0
27.11.1974	1360	2.1	8.9	0.71	4.9	5.2
28.11.1974	1490	2.5	7.6	0.67	7	10.2
29.11.1974	4000	3.1	8.4	0.72	4.3	3.6
30.11.1974	1030	2.8	8.4	0.77	3.3	2.5
01.12.1974	1210	5	10.4	0.85	4.1	0.3
02.12.1974	770	9.7	11.3	1.09	5.3	5.4
03.12.1974	570	9.5	11	1.14	3.2	0.5
04.12.1974	630	6.3	9.6	0.81	4.3	2.5
05.12.1974	2100	3.5	7.4	0.61	6.1	5.2
06.12.1974	620	6.6	8.4	0.89	4	2.8
07.12.1974	710	7.5	10.3	0.96	4.9	2.5
08.12.1974	460	9.1	10.3	1.08	4.1	0.9
09.12.1974	1130	4.2	9.8	0.72	3.6	0.9
10.12.1974	2180	2.6	6.4	0.62	4.8	12.4
11.12.1974	830	0.5	6.3	0.57	6.4	7.8
12.12.1974	600	0.4	5.1	0.62	3.7	6.6
13.12.1974	2770	-1	4.5	0.56	1.3	0.1
14.12.1974	730	2.4	7.5	0.71	3.9	3.2
15.12.1974	2170	3.7	7	0.75	2.9	0
16.12.1974	1220	1.8	8.7	0.69	5.1	9.6
17.12.1974	2000	3.5	7.6	0.57	7.6	2.6
18.12.1974	1190	1.9	6.4	0.59	6.6	3
19.12.1974	980	1.8	8.1	0.69	3.2	1.3
20.12.1974	1010	7.2	9.1	0.77	5.8	0
21.12.1974	2050	5.5	9.5	0.73	4.5	0
22.12.1974	2960	4.1	9	0.69	4.6	0.1
23.12.1974	3210	5.4	11.1	0.81	3.5	0.5
24.12.1974	690	4.8	8.2	0.81	4.1	6.7
25.12.1974	1310	3.8	11.9	0.85	4.9	19.8
26.12.1974	1120	9.1	12.7	0.98	8.3	7.7
27.12.1974	920	7.9	10.1	0.91	5.5	1.5
28.12.1974	1490	7.6	13.6	0.99	7	0.1
29.12.1974	1640	4.2	12.4	0.72	8.9	6.8
30.12.1974	2970	3.2	7	0.66	3.9	1.5
31.12.1974	1200	3.6	8.7	0.79	4.1	0.8
